50
3
0 103
109 185
254 385
293 461
434 547
0 62
95 183
147 243
259 344
375 494
0 112
27 175
132 250
206 322
384 479
0 93
0 133
256 346
434 547
513 618
0 47
76 184
163 248
211 318
321 416
0 109
147 243
302 403
367 485
488 612
0 62
89 147
248 354
296 468
424 513
0 35
0 136
94 276
256 346
374 451
0 111
31 160
102 249
220 357
331 455
1 55
220 357
367 485
460 595
592 672
0 672
0 672
0 672
5 5 5 
50 50 50
20 3 3
29 15 3
8 5 4
13 21 3
18 6 6
19 16 24
21 7 8
9 21 16
26 16 8
15 31 22
28 12 14
19 17 10
24 23 14
19 10 12
24 27 23
20 22 5
28 26 20
29 29 18
16 29 22
13 15 10
16 29 16
11 9 15
7 3 29
6 12 14
21 7 32
19 19 13
6 16 20
15 9 3
15 23 22
13 20 1
14 8 10
27 30 2
32 20 16
10 14 10
10 23 9
3 14 9
20 13 16
26 19 17
33 22 28
25 21 19
28 25 23
17 23 32
25 16 18
14 35 20
35 20 18
16 14 20
18 16 25
15 5 24
16 6 16
16 12 3
20 29 8 13 18 19 21 9 26 15 28 19 24 19 24 20 28 29 16 13 16 11 7 6 21 19 6 15 15 13 14 27 32 10 10 3 20 26 33 25 28 17 25 14 35 16 18 15 16 16
3 15 5 21 6 16 7 21 16 31 12 17 23 10 27 22 26 29 29 15 29 9 3 12 7 19 16 9 23 20 8 30 20 14 23 14 13 19 22 21 25 23 16 35 20 14 16 5 6 12
3 3 4 3 6 24 8 16 8 22 14 10 14 12 23 5 20 18 22 10 16 15 29 14 32 13 20 3 22 1 10 2 16 10 9 9 16 17 28 19 23 32 18 20 18 20 25 24 16 3
3
0 1
2 3
4 5
