50
3
0 130
0 267
195 440
224 465
434 653
0 109
39 267
78 379
240 450
234 564
0 133
0 234
118 368
106 443
254 542
0 180
0 142
160 465
434 653
465 767
0 84
45 267
122 290
118 466
195 567
0 145
78 379
144 407
303 566
429 732
0 149
63 247
108 455
271 518
344 559
0 87
0 152
30 364
160 465
276 522
0 180
0 242
72 363
193 380
235 583
0 146
193 380
303 566
446 646
439 725
0 672
0 672
0 672
3 3 3
50 50 50
30 10 8
17 21 1
6 2 5
23 23 9
30 15 6
9 12 29
15 23 2
10 17 17
26 22 20
26 24 12
22 17 6
17 26 27
11 14 10
24 15 22
12 22 25
9 13 19
25 8 9
26 30 17
19 19 23
19 24 5
25 10 32
14 19 18
21 13 22
22 21 12
21 14 18
20 9 5
12 26 24
12 19 6
6 7 29
10 17 1
11 28 4
11 26 8
22 23 9
9 1 20
2 28 5
7 22 15
19 3 7
25 34 21
34 31 16
30 33 14
14 21 31
18 12 32
24 12 28
25 23 20
25 16 26
16 26 13
6 23 8
10 16 13
16 9 26
15 11 0
30 17 6 23 30 9 15 10 26 26 22 17 11 24 12 9 25 26 19 19 25 14 21 22 21 20 12 12 6 10 11 11 22 9 2 7 19 25 34 30 14 18 24 25 25 16 6 10 16 15
10 21 2 23 15 12 23 17 22 24 17 26 14 15 22 13 8 30 19 24 10 19 13 21 14 9 26 19 7 17 28 26 23 1 28 22 3 34 31 33 21 12 12 23 16 26 23 16 9 11
8 1 5 9 6 29 2 17 20 12 6 27 10 22 25 19 9 17 23 5 32 18 22 12 18 5 24 6 29 1 4 8 9 20 5 15 7 21 16 14 31 32 28 20 26 13 8 13 26 0
3
1 0
3 2
5 4
