50
3
0 103
89 203
214 440
293 461
434 653
0 109
57 267
78 280
240 395
333 504
0 112
0 208
118 332
158 422
384 542
0 93
0 133
160 389
434 653
465 618
0 84
76 227
123 290
145 370
266 448
0 109
78 280
224 407
307 566
488 612
0 92
75 156
225 455
271 468
380 526
0 87
0 136
77 276
160 389
276 510
0 118
0 163
102 319
193 380
298 455
0 90
193 380
307 566
460 626
492 672
0 672
0 672
0 672
5 5 5
50 50 50
18 5 2
27 18 13
18 6 9
12 24 13
30 9 1
26 15 21
24 9 17
26 23 23
20 9 11
14 15 12
22 22 12
30 18 19
11 27 8
21 25 10
12 11 19
16 14 24
16 16 24
24 16 10
25 20 13
12 19 7
22 10 24
7 10 11
19 8 17
7 13 1
27 21 32
21 6 5
23 14 34
9 2 8
13 10 23
22 10 3
13 28 7
26 26 4
32 11 8
14 1 9
1 21 9
7 19 18
17 2 21
31 22 28
19 25 16
39 26 20
15 33 19
8 11 29
25 24 22
6 29 27
31 8 22
26 20 16
15 30 19
4 22 1
7 10 18
24 13 0
18 27 18 12 30 26 24 26 20 14 22 30 11 21 12 16 16 24 25 12 22 7 19 7 27 21 23 9 13 22 13 26 32 14 1 7 17 31 19 39 15 8 25 6 31 26 15 4 7 24
5 18 6 24 9 15 9 23 9 15 22 18 27 25 11 14 16 16 20 19 10 10 8 13 21 6 14 2 10 10 28 26 11 1 21 19 2 22 25 26 33 11 24 29 8 20 30 22 10 13
2 13 9 13 1 21 17 23 11 12 12 19 8 10 19 24 24 10 13 7 24 11 17 1 32 5 34 8 23 3 7 4 8 9 9 18 21 28 16 20 19 29 22 27 22 16 19 1 18 0
3
0 1
2 3
4 5
