50
3
23 23
134 134
291 291
371 371
521 521
16 16
140 140
217 217
299 299
423 423
21 21
97 97
197 197
301 301
426 426
18 18
67 67
292 292
521 521
582 582
18 18
139 139
197 197
269 269
384 384
21 21
217 217
325 325
447 447
547 547
12 12
118 118
306 306
379 379
457 457
3 3
52 52
183 183
292 292
406 406
23 23
84 84
183 183
313 313
411 411
22 22
313 313
447 447
553 553
619 619
0 672
0 672
0 672
0 0 0
50 50 50
31 3 5
19 21 3
15 14 9
7 25 13
28 16 6
7 17 17
30 13 1
7 11 20
13 11 18
15 24 30
24 31 2
11 11 18
16 28 11
20 27 22
22 16 16
8 25 8
15 14 26
35 24 21
18 35 19
12 9 18
18 20 31
7 5 1
11 7 27
13 16 6
31 25 23
15 21 4
19 14 24
12 4 10
13 6 40
15 19 1
18 15 10
12 28 4
18 9 2
16 14 17
1 11 13
3 4 4
20 3 8
23 35 28
32 19 18
28 16 18
23 37 13
21 14 28
14 26 18
8 25 24
34 19 12
21 8 16
20 19 9
8 17 5
9 4 19
26 6 0
31 19 15 7 28 7 30 7 13 15 24 11 16 20 22 8 15 35 18 12 18 7 11 13 31 15 19 12 13 15 18 12 18 16 1 3 20 23 32 28 23 21 14 8 34 21 20 8 9 26
3 21 14 25 16 17 13 11 11 24 31 11 28 27 16 25 14 24 35 9 20 5 7 16 25 21 14 4 6 19 15 28 9 14 11 4 3 35 19 16 37 14 26 25 19 8 19 17 4 6
5 3 9 13 6 17 1 20 18 30 2 18 11 22 16 8 26 21 19 18 31 1 27 6 23 4 24 10 40 1 10 4 2 17 13 4 8 28 18 18 13 28 18 24 12 16 9 5 19 0
3
0 1
2 3
4 5