50
3
0 651
0 651
0 651
0 651
0 651
0 651
0 651
0 651
0 651
0 651
0 651
0 651
0 651
0 651
0 651
0 651
0 651
0 651
0 651
0 651
0 651
0 651
0 651
0 651
0 651
0 651
0 651
0 651
0 651
0 651
0 651
0 651
0 651
0 651
0 651
0 651
0 651
0 651
0 651
0 651
0 651
0 651
0 651
0 651
0 651
0 651
0 651
0 651
0 651
0 651
0 651
0 651
0 651
5 5 5 
50 50 50 
6 4 12
21 25 6
7 12 5
26 5 4
25 12 4
7 22 26
9 2 14
30 27 24
6 5 9
7 6 13
14 8 9
17 12 15
16 19 8
6 7 26
30 22 18
18 27 18
13 8 17
19 1 18
11 15 14
21 5 5
23 31 32
4 25 15
21 16 18
19 18 12
2 3 19
14 25 8
20 7 27
12 21 12
19 22 40
14 19 1
11 6 6
28 26 6
22 12 9
5 19 12
21 28 8
13 19 22
11 10 17
13 8 21
16 28 14
27 8 27
30 26 16
10 17 26
17 24 25
13 5 20
17 15 27
24 10 10
20 31 12
24 3 9
27 23 12
24 24 10
6 21 7 26 25 7 9 30 6 7 14 17 16 6 30 18 13 19 11 21 23 4 21 19 2 14 20 12 19 14 11 28 22 5 21 13 11 13 16 27 30 10 17 13 17 24 20 24 27 24
4 25 12 5 12 22 2 27 5 6 8 12 19 7 22 27 8 1 15 5 31 25 16 18 3 25 7 21 22 19 6 26 12 19 28 19 10 8 28 8 26 17 24 5 15 10 31 3 23 24
12 6 5 4 4 26 14 24 9 13 9 15 8 26 18 18 17 18 14 5 32 15 18 12 19 8 27 12 40 1 6 6 9 12 8 22 17 21 14 27 16 26 25 20 27 10 12 9 12 10
3
0 1
2 3
4 5
