50
3
217 217
399 399
474 474
569 569
652 652
135 135
230 230
327 327
455 455
548 548
24 24
93 93
145 145
179 179
281 281
16 16
171 171
301 301
403 403
518 518
21 21
152 152
259 259
337 337
410 410
16 16
149 149
238 238
339 339
486 486
24 24
103 103
189 189
228 228
652 652
21 21
84 84
181 181
268 268
399 399
13 13
87 87
196 196
260 260
327 327
22 22
135 135
217 217
363 363
465 465
0 704
0 704
0 704
0 0 0
50 50 50
3 3 1
27 1 10
8 14 21
18 6 12
23 14 13
32 3 28
17 10 16
23 11 2
30 16 2
22 10 18
25 11 9
31 3 12
17 2 17
28 13 7
24 5 12
23 1 22
13 3 5
7 9 15
8 6 19
12 14 10
18 10 14
15 1 19
17 15 34
20 1 3
20 1 32
15 10 13
23 1 26
35 1 3
22 13 12
26 6 2
19 18 7
15 14 5
8 7 9
9 6 5
14 11 13
11 1 17
27 10 23
13 13 4
25 11 11
24 5 3
9 16 13
23 14 4
22 4 5
18 6 23
20 11 9
30 6 5
30 4 15
12 5 8
13 1 14
14 6 5
3 27 8 18 23 32 17 23 30 22 25 31 17 28 24 23 13 7 8 12 18 15 17 20 20 15 23 35 22 26 19 15 8 9 14 11 27 13 25 24 9 23 22 18 20 30 30 12 13 14
3 1 14 6 14 3 10 11 16 10 11 3 2 13 5 1 3 9 6 14 10 1 15 1 1 10 1 1 13 6 18 14 7 6 11 1 10 13 11 5 16 14 4 6 11 6 4 5 1 6
1 10 21 12 13 28 16 2 2 18 9 12 17 7 12 22 5 15 19 10 14 19 34 3 32 13 26 3 12 2 7 5 9 5 13 17 23 4 11 3 13 4 5 23 9 5 15 8 14 5
3
0 1
2 3
4 5
