50
3
15 15
132 132
186 186
274 274
381 381
94 94
192 192
300 300
351 351
447 447
21 21
158 158
223 223
365 365
480 480
25 25
120 120
203 203
274 274
378 378
20 20
94 94
192 192
271 271
340 340
21 21
143 143
241 241
418 418
524 524
20 20
172 172
288 288
358 358
409 409
22 22
129 129
211 211
321 321
366 366
22 22
123 123
293 293
365 365
480 480
14 14
73 73
172 172
293 293
383 383
0 651
0 651
0 651
0 0 0
50 50 50 
18 8 11
21 15 3
10 11 7
22 13 12
18 10 9
16 11 26
11 16 11
23 19 26
9 23 8
19 7 24
16 12 9
11 7 29
16 12 7
14 7 18
12 4 12
28 33 10
12 13 28
1 3 17
28 9 16
10 7 17
11 29 32
4 10 17
14 9 30
6 13 4
10 3 28
19 26 5
22 14 29
12 1 6
26 22 31
25 21 1
27 13 3
28 30 4
19 11 15
8 8 8
21 22 6
31 25 20
14 7 3
16 1 19
21 21 24
25 15 23
28 19 28
28 10 24
14 19 30
4 7 24
18 15 21
12 18 26
13 33 4
27 3 11
25 22 14
27 29 5
18 21 10 22 18 16 11 23 9 19 16 11 16 14 12 28 12 1 28 10 11 4 14 6 10 19 22 12 26 25 27 28 19 8 21 31 14 16 21 25 28 28 14 4 18 12 13 27 25 27
8 15 11 13 10 11 16 19 23 7 12 7 12 7 4 33 13 3 9 7 29 10 9 13 3 26 14 1 22 21 13 30 11 8 22 25 7 1 21 15 19 10 19 7 15 18 33 3 22 29
11 3 7 12 9 26 11 26 8 24 9 29 7 18 12 10 28 17 16 17 32 17 30 4 28 5 29 6 31 1 3 4 15 8 6 20 3 19 24 23 28 24 30 24 21 26 4 11 14 5
3
0 1
2 3
4 5
