50
3
0 672
0 672
0 672
0 672
0 672
0 672
0 672
0 672
0 672
0 672
0 672
0 672
0 672
0 672
0 672
0 672
0 672
0 672
0 672
0 672
0 672
0 672
0 672
0 672
0 672
0 672
0 672
0 672
0 672
0 672
0 672
0 672
0 672
0 672
0 672
0 672
0 672
0 672
0 672
0 672
0 672
0 672
0 672
0 672
0 672
0 672
0 672
0 672
0 672
0 672
0 672
0 672
0 672
5 5 5
50 50 50
19 3 10
27 17 9
23 5 13
14 19 7
30 20 15
22 16 30
30 12 8
9 27 21
26 13 15
25 25 19
11 28 13
27 26 22
17 23 10
18 27 15
9 18 22
18 14 20
13 11 20
29 28 16
13 35 12
15 17 19
26 24 19
2 19 8
6 15 17
19 23 7
11 7 32
23 26 5
24 22 33
6 12 10
7 22 34
9 9 6
11 25 4
19 21 6
33 21 9
27 9 16
6 25 1
3 3 2
10 3 5
32 16 24
21 26 25
39 20 25
25 36 30
14 11 30
14 27 29
19 26 31
34 7 27
32 10 27
17 15 18
4 6 6
9 20 7
9 26 7
19 27 23 14 30 22 30 9 26 25 11 27 17 18 9 18 13 29 13 15 26 2 6 19 11 23 24 6 7 9 11 19 33 27 6 3 10 32 21 39 25 14 14 19 34 32 17 4 9 9
3 17 5 19 20 16 12 27 13 25 28 26 23 27 18 14 11 28 35 17 24 19 15 23 7 26 22 12 22 9 25 21 21 9 25 3 3 16 26 20 36 11 27 26 7 10 15 6 20 26
10 9 13 7 15 30 8 21 15 19 13 22 10 15 22 20 20 16 12 19 19 8 17 7 32 5 33 10 34 6 4 6 9 16 1 2 5 24 25 25 30 30 29 31 27 27 18 6 7 7
3
0 1
2 3
4 5
