50
3
144 314
354 493
413 504
528 645
586 723
99 160
156 276
281 363
356 523
455 586
0 50
45 187
87 224
143 231
254 341
0 47
107 267
264 379
378 468
428 596
0 69
63 200
192 318
278 421
324 471
0 100
67 244
158 292
240 436
425 563
0 90
46 123
118 230
199 281
586 723
0 81
0 132
157 261
209 302
354 493
0 80
0 133
126 288
183 308
281 363
0 44
99 160
144 314
326 426
429 527
0 704
0 704
0 704
5 5 5 
50 50 50
22 3 7
31 2 6
6 14 4
28 2 15
25 13 6
15 2 22
16 16 15
24 16 2
19 13 18
22 2 7
26 3 13
27 2 5
23 2 17
14 7 7
26 2 8
8 3 10
6 3 16
13 16 14
20 6 19
17 16 20
17 8 5
4 6 6
18 12 32
14 1 12
13 13 29
23 6 4
15 7 26
33 2 4
21 15 10
35 1 3
25 9 16
26 15 15
12 9 2
11 7 10
19 18 6
14 12 10
19 3 11
7 5 3
21 12 14
23 3 10
4 4 12
13 8 1
25 7 3
10 4 25
35 1 8
13 6 21
15 1 9
7 5 3
13 8 22
13 6 5
22 31 6 28 25 15 16 24 19 22 26 27 23 14 26 8 6 13 20 17 17 4 18 14 13 23 15 33 21 35 25 26 12 11 19 14 19 7 21 23 4 13 25 10 35 13 15 7 13 13
3 2 14 2 13 2 16 16 13 2 3 2 2 7 2 3 3 16 6 16 8 6 12 1 13 6 7 2 15 1 9 15 9 7 18 12 3 5 12 3 4 8 7 4 1 6 1 5 8 6
7 6 4 15 6 22 15 2 18 7 13 5 17 7 8 10 16 14 19 20 5 6 32 12 29 4 26 4 10 3 16 15 2 10 6 10 11 3 14 10 12 1 3 25 8 21 9 3 22 5
3
0 1
2 3
4 5
