50
3
98 397
292 571
375 582
445 707
468 817
2 311
93 419
178 461
258 590
417 696
0 144
0 212
75 224
17 325
97 428
0 127
32 267
186 420
327 562
387 656
0 151
0 269
113 377
205 485
255 583
0 214
0 244
92 361
220 472
354 682
0 90
0 235
50 279
159 322
468 817
0 183
0 238
21 320
118 397
292 571
0 182
0 221
96 385
100 371
178 461
0 156
2 311
98 397
190 503
346 542
0 704
0 704
0 704
5 5 5
50 50 50 
9 12 8
27 1 3
22 14 17
17 6 13
7 19 14
18 7 19
22 9 7
27 6 2
13 6 13
21 7 16
29 3 2
22 2 9
5 2 8
21 16 8
16 10 6
23 1 18
12 1 7
6 9 8
15 5 17
12 1 16
16 12 16
10 4 6
8 8 17
14 4 1
11 8 19
21 13 5
29 1 16
18 6 3
26 6 10
20 7 2
17 1 11
31 9 8
16 10 7
20 4 6
24 17 4
28 3 20
16 3 6
3 3 6
28 9 7
31 3 1
6 8 3
23 7 1
30 16 5
10 11 18
25 12 7
15 2 5
17 7 3
18 11 14
10 1 21
26 9 1
9 27 22 17 7 18 22 27 13 21 29 22 5 21 16 23 12 6 15 12 16 10 8 14 11 21 29 18 26 20 17 31 16 20 24 28 16 3 28 31 6 23 30 10 25 15 17 18 10 26
12 1 14 6 19 7 9 6 6 7 3 2 2 16 10 1 1 9 5 1 12 4 8 4 8 13 1 6 6 7 1 9 10 4 17 3 3 3 9 3 8 7 16 11 12 2 7 11 1 9
8 3 17 13 14 19 7 2 13 16 2 9 8 8 6 18 7 8 17 16 16 6 17 1 19 5 16 3 10 2 11 8 7 6 4 20 6 6 7 1 3 1 5 18 7 5 3 14 21 1
3
0 1
2 3
4 5
