50
3
0 188
27 241
17 272
152 336
237 520
10 189
53 357
208 395
254 506
318 542
0 113
0 292
28 350
189 543
387 595
0 215
0 242
23 394
152 336
261 515
0 83
10 189
12 329
186 373
220 492
0 215
5 330
98 342
321 543
402 636
0 123
50 352
159 428
277 535
257 557
0 191
24 246
62 339
213 417
169 509
0 139
0 261
112 464
189 543
404 638
0 207
0 263
50 352
112 464
240 508
0 651
0 651
0 651
5 5 5 
50 50 50 
9 4 2
19 6 3
22 15 10
26 4 8
11 2 3
9 27 18
6 9 8
28 28 13
5 9 17
9 1 19
21 9 16
22 14 11
19 29 12
14 17 20
22 22 12
15 28 9
6 17 26
15 11 5
28 3 27
24 21 7
30 35 32
15 11 11
26 5 20
1 16 9
2 3 34
28 14 11
11 8 26
11 15 3
25 30 28
30 22 11
30 6 8
13 33 11
15 8 9
21 23 8
22 24 21
15 16 2
5 16 4
22 8 20
10 28 29
26 14 31
27 17 27
23 14 21
20 19 23
2 10 25
23 12 23
20 11 15
14 26 12
18 3 2
14 18 16
14 14 5
9 19 22 26 11 9 6 28 5 9 21 22 19 14 22 15 6 15 28 24 30 15 26 1 2 28 11 11 25 30 30 13 15 21 22 15 5 22 10 26 27 23 20 2 23 20 14 18 14 14
4 6 15 4 2 27 9 28 9 1 9 14 29 17 22 28 17 11 3 21 35 11 5 16 3 14 8 15 30 22 6 33 8 23 24 16 16 8 28 14 17 14 19 10 12 11 26 3 18 14
2 3 10 8 3 18 8 13 17 19 16 11 12 20 12 9 26 5 27 7 32 11 20 9 34 11 26 3 28 11 8 11 9 8 21 2 4 20 29 31 27 21 23 25 23 15 12 2 16 5
3
0 1
2 3
4 5

