50
3
0 65
72 200
133 227
197 299
317 409
62 189
139 268
208 357
317 401
386 500
0 50
83 211
149 317
287 438
404 572
0 86
33 219
135 244
197 299
303 463
0 83
62 189
128 280
194 295
274 391
0 59
47 204
158 261
344 441
464 581
0 59
148 206
245 322
277 454
344 455
0 94
41 183
166 302
229 345
337 461
0 80
85 215
226 354
287 438
426 578
0 105
0 164
148 206
226 354
310 446
0 651
0 651
0 651
5 5 5
50 50 50 
21 7 11
32 18 3
11 13 4
26 13 2
21 8 3
4 10 25
1 12 9
20 13 24
12 21 9
14 7 15
25 12 18
27 14 25
16 23 23
3 15 19
18 12 10
17 23 12
17 8 16
14 7 8
26 3 15
20 16 7
12 33 12
18 11 17
11 7 20
11 15 8
2 11 23
26 31 2
17 9 24
21 13 3
11 11 35
16 18 1
30 16 10
19 30 4
23 23 16
6 15 13
16 29 6
25 17 21
13 9 14
17 16 23
21 14 23
18 22 23
31 28 27
11 10 29
18 10 27
7 8 26
18 4 24
6 25 10
11 22 9
32 2 2
27 6 12
20 23 5
21 32 11 26 21 4 1 20 12 14 25 27 16 3 18 17 17 14 26 20 12 18 11 11 2 26 17 21 11 16 30 19 23 6 16 25 13 17 21 18 31 11 18 7 18 6 11 32 27 20
7 18 13 13 8 10 12 13 21 7 12 14 23 15 12 23 8 7 3 16 33 11 7 15 11 31 9 13 11 18 16 30 23 15 29 17 9 16 14 22 28 10 10 8 4 25 22 2 6 23
11 3 4 2 3 25 9 24 9 15 18 25 23 19 10 12 16 8 15 7 12 17 20 8 23 2 24 3 35 1 10 4 16 13 6 21 14 23 23 23 27 29 27 26 24 10 9 2 12 5
3
0 1
2 3
4 5
