50
3
98 314
325 502
413 524
521 707
565 773
57 236
96 317
178 441
356 590
417 696
0 142
0 212
87 224
37 325
212 427
0 127
82 267
186 420
327 468
387 616
0 151
41 269
192 377
205 424
312 489
0 153
50 244
92 361
220 472
379 563
0 90
46 220
67 279
192 295
565 773
0 81
0 197
70 320
126 347
325 502
0 80
0 133
96 288
183 331
178 441
0 129
57 236
98 314
267 426
347 542
0 704
0 704
0 704
5 5 5 
50 50 50
10 3 17
29 1 3
11 9 12
13 11 7
25 8 12
13 2 19
34 13 13
18 18 2
17 9 12
23 9 14
18 2 17
21 5 4
16 2 7
17 1 3
15 2 7
23 1 18
10 1 5
11 8 12
19 13 7
25 13 7
19 4 2
20 4 3
16 7 32
11 4 9
8 15 25
11 6 12
12 5 20
33 1 13
20 5 7
38 1 2
22 1 14
29 12 16
10 1 13
13 1 15
25 17 12
23 12 5
34 3 16
3 2 2
22 3 7
28 1 1
4 3 10
21 17 1
18 3 3
11 13 28
33 6 7
13 12 8
19 7 15
22 5 5
26 6 14
27 6 0
10 29 11 13 25 13 34 18 17 23 18 21 16 17 15 23 10 11 19 25 19 20 16 11 8 11 12 33 20 38 22 29 10 13 25 23 34 3 22 28 4 21 18 11 33 13 19 22 26 27
3 1 9 11 8 2 13 18 9 9 2 5 2 1 2 1 1 8 13 13 4 4 7 4 15 6 5 1 5 1 1 12 1 1 17 12 3 2 3 1 3 17 3 13 6 12 7 5 6 6
17 3 12 7 12 19 13 2 12 14 17 4 7 3 7 18 5 12 7 7 2 3 32 9 25 12 20 13 7 2 14 16 13 15 12 5 16 2 7 1 10 1 3 28 7 8 15 5 14 0
3
0 1
2 3
4 5
