50
3
0 65
27 241
129 263
197 334
252 520
27 189
139 268
208 395
288 479
379 535
0 113
33 292
108 350
287 507
398 595
0 132
11 242
135 257
197 334
261 515
0 83
27 189
128 329
186 357
220 391
0 111
5 279
105 342
344 543
402 636
0 123
88 314
210 428
277 460
265 483
0 144
41 246
62 339
213 370
217 461
0 139
59 215
226 380
287 507
404 578
0 105
0 164
88 314
226 380
299 456
0 651
0 651
0 651
5 5 5 
50 50 50 
13 4 7
26 6 3
16 7 4
27 2 17
17 15 5
7 19 23
6 5 8
19 17 15
3 18 16
12 6 29
27 6 6
8 13 26
18 29 9
4 8 14
19 9 19
21 18 6
1 8 19
17 5 20
24 1 29
30 21 20
15 35 26
7 12 12
25 12 22
21 20 7
2 5 34
18 13 15
18 15 26
7 3 5
22 23 36
21 12 11
19 4 2
29 30 14
28 9 4
18 24 15
13 29 9
19 25 15
11 15 14
26 12 16
3 16 16
30 16 26
30 33 28
12 23 16
23 23 28
13 8 25
11 21 19
16 14 16
7 22 4
27 1 8
9 23 9
16 29 11
13 26 16 27 17 7 6 19 3 12 27 8 18 4 19 21 1 17 24 30 15 7 25 21 2 18 18 7 22 21 19 29 28 18 13 19 11 26 3 30 30 12 23 13 11 16 7 27 9 16
4 6 7 2 15 19 5 17 18 6 6 13 29 8 9 18 8 5 1 21 35 12 12 20 5 13 15 3 23 12 4 30 9 24 29 25 15 12 16 16 33 23 23 8 21 14 22 1 23 29
7 3 4 17 5 23 8 15 16 29 6 26 9 14 19 6 19 20 29 20 26 12 22 7 34 15 26 5 36 11 2 14 4 15 9 15 14 16 16 26 28 16 28 25 19 16 4 8 9 11
3
0 1
2 3
4 5
