50
3
0 704
0 704
0 704
0 704
0 704
0 704
0 704
0 704
0 704
0 704
0 704
0 704
0 704
0 704
0 704
0 704
0 704
0 704
0 704
0 704
0 704
0 704
0 704
0 704
0 704
0 704
0 704
0 704
0 704
0 704
0 704
0 704
0 704
0 704
0 704
0 704
0 704
0 704
0 704
0 704
0 704
0 704
0 704
0 704
0 704
0 704
0 704
0 704
0 704
0 704
0 704
0 704
0 704
5 5 5 
50 50 50
18 10 9
33 9 3
20 10 8
11 6 7
11 23 6
19 2 23
16 5 2
19 2 2
21 8 17
14 5 12
22 5 6
16 2 7
10 6 8
21 2 10
27 6 25
10 1 25
4 10 13
17 1 3
10 12 19
21 6 5
29 12 16
1 6 12
8 5 29
18 1 14
3 5 27
7 4 9
29 11 18
20 1 8
18 6 16
24 2 3
22 14 5
23 5 8
14 11 19
20 1 16
20 1 18
12 2 2
22 3 19
3 9 2
19 2 7
25 3 1
3 9 13
17 18 1
14 7 3
17 7 24
34 12 10
30 4 21
32 1 17
15 5 17
16 10 22
26 6 5
18 33 20 11 11 19 16 19 21 14 22 16 10 21 27 10 4 17 10 21 29 1 8 18 3 7 29 20 18 24 22 23 14 20 20 12 22 3 19 25 3 17 14 17 34 30 32 15 16 26
10 9 10 6 23 2 5 2 8 5 5 2 6 2 6 1 10 1 12 6 12 6 5 1 5 4 11 1 6 2 14 5 11 1 1 2 3 9 2 3 9 18 7 7 12 4 1 5 10 6
9 3 8 7 6 23 2 2 17 12 6 7 8 10 25 25 13 3 19 5 16 12 29 14 27 9 18 8 16 3 5 8 19 16 18 2 19 2 7 1 13 1 3 24 10 21 17 17 22 5
3
0 1
2 3
4 5
