80
4
0 155
22 185
133 312
417 655
532 679
0 99
0 224
90 227
248 417
306 504
0 121
30 187
125 344
251 452
415 571
0 87
84 251
170 400
287 513
450 660
0 99
267 490
326 513
417 655
465 743
25 197
85 286
192 365
199 496
312 569
0 121
25 197
131 310
165 328
294 413
0 85
0 211
187 354
226 486
334 510
0 155
38 193
121 356
201 388
368 601
0 48
33 237
137 350
209 400
246 488
0 109
18 212
144 341
248 417
300 523
0 101
41 215
137 362
213 442
273 487
0 129
19 228
156 411
253 453
357 498
0 104
0 199
127 274
273 487
395 549
0 116
213 442
360 491
469 624
489 644
0 122
0 196
104 222
125 344
267 490
0 718
0 718
0 718
0 718
2 3 2 3
80 80 80 80 
23 1 22 14
10 18 26 11
19 3 15 22
30 19 24 23
23 33 23 11
7 5 18 7
22 19 32 29
27 21 21 5
14 31 16 25
23 23 5 10
11 1 7 19
20 10 26 23
30 28 22 4
10 4 29 7
26 33 30 17
14 20 21 38
22 10 28 12
24 25 31 24
13 31 19 33
13 27 26 21
13 15 7 23
28 21 18 2
15 17 1 18
26 14 24 22
21 10 26 25
25 13 5 11
14 16 22 18
28 31 1 16
13 14 2 17
9 33 19 22
8 9 17 21
12 16 19 12
19 12 28 4
9 25 17 9
3 11 12 25
26 8 20 26
18 22 28 6
12 18 22 17
15 21 32 18
6 29 3 14
32 15 25 25
14 19 18 22
28 27 25 9
19 7 4 8
4 6 13 23
15 8 11 8
7 18 8 2
20 19 21 2
12 11 23 13
18 33 18 25
15 27 30 19
26 16 12 17
23 12 2 11
23 21 12 8
25 14 19 30
10 17 32 5
12 32 26 18
29 33 31 23
18 30 10 12
9 21 9 14
11 15 25 22
18 27 11 26
17 25 19 23
27 18 19 26
19 22 17 20
14 22 9 18
18 6 21 20
2 15 10 29
6 7 9 4
9 6 7 15
5 19 5 25
12 15 6 8
15 10 15 14
15 10 2 16
25 22 13 31
13 17 23 2
8 8 5 12
5 13 10 5
14 8 5 8
16 21 0 9
23 10 19 30 23 7 22 27 14 23 11 20 30 10 26 14 22 24 13 13 13 28 15 26 21 25 14 28 13 9 8 12 19 9 3 26 18 12 15 6 32 14 28 19 4 15 7 20 12 18 15 26 23 23 25 10 12 29 18 9 11 18 17 27 19 14 18 2 6 9 5 12 15 15 25 13 8 5 14 16
1 18 3 19 33 5 19 21 31 23 1 10 28 4 33 20 10 25 31 27 15 21 17 14 10 13 16 31 14 33 9 16 12 25 11 8 22 18 21 29 15 19 27 7 6 8 18 19 11 33 27 16 12 21 14 17 32 33 30 21 15 27 25 18 22 22 6 15 7 6 19 15 10 10 22 17 8 13 8 21
22 26 15 24 23 18 32 21 16 5 7 26 22 29 30 21 28 31 19 26 7 18 1 24 26 5 22 1 2 19 17 19 28 17 12 20 28 22 32 3 25 18 25 4 13 11 8 21 23 18 30 12 2 12 19 32 26 31 10 9 25 11 19 19 17 9 21 10 9 7 5 6 15 2 13 23 5 10 5 0
14 11 22 23 11 7 29 5 25 10 19 23 4 7 17 38 12 24 33 21 23 2 18 22 25 11 18 16 17 22 21 12 4 9 25 26 6 17 18 14 25 22 9 8 23 8 2 2 13 25 19 17 11 8 30 5 18 23 12 14 22 26 23 26 20 18 20 29 4 15 25 8 14 16 31 2 12 5 8 9
5
0 1
2 3
4 5
6 7
8 9
