80
4
103 308
133 322
272 425
392 542
474 675
158 266
249 417
304 504
375 577
428 701
132 314
263 348
238 439
402 543
472 662
161 370
177 462
236 490
382 557
422 627
33 250
194 397
270 461
373 501
458 720
65 289
161 370
357 503
427 593
478 656
156 353
183 347
261 443
373 501
402 650
32 196
70 355
275 440
356 562
446 649
0 106
47 240
104 337
393 551
199 397
68 198
132 322
199 397
393 551
464 646
40 240
104 337
197 420
341 620
413 659
66 316
217 414
294 512
389 576
430 615
0 103
59 283
123 266
263 348
311 463
0 114
55 176
33 250
268 524
383 525
75 297
103 308
349 498
387 641
451 659
0 142
73 277
233 326
282 516
420 645
0 643
0 643
0 643
0 643
5 5 5 5
80 80 80 80 
9 13 2 27
18 11 19 9
8 11 4 27
17 11 19 15
8 19 24 16
5 2 3 16
11 21 18 13
4 10 10 7
12 13 5 19
7 22 7 16
23 4 14 15
16 18 12 19
11 17 19 18
5 19 18 5
6 10 21 17
17 31 19 16
17 27 27 8
14 28 30 29
4 3 24 31
11 12 29 22
15 25 22 20
7 4 16 14
21 29 16 21
4 7 11 9
17 19 16 27
20 12 18 23
11 13 14 14
5 17 16 18
21 21 6 14
21 38 13 12
18 1 25 11
10 13 13 8
7 19 27 16
21 5 30 13
3 6 14 19
20 14 8 28
12 19 17 10
9 5 4 24
9 11 21 4
8 21 8 14
9 16 4 15
3 21 16 16
10 19 28 26
7 14 20 6
17 13 3 24
6 18 3 19
5 14 7 5
16 5 23 5
13 14 29 5
22 20 3 12
21 4 9 10
15 30 10 12
29 23 11 11
20 3 5 6
14 20 6 26
15 16 6 19
5 22 17 3
16 14 11 17
14 6 29 11
17 24 14 6
2 21 9 13
18 39 12 18
29 16 7 10
28 8 27 12
10 20 14 4
11 3 13 8
10 4 1 18
8 14 26 18
3 8 18 4
9 6 12 29
19 9 10 18
22 20 13 7
3 19 24 9
18 5 21 16
2 14 4 15
14 20 12 6
13 17 16 20
15 14 5 12
9 21 19 19
20 21 18 8
9 18 8 17 8 5 11 4 12 7 23 16 11 5 6 17 17 14 4 11 15 7 21 4 17 20 11 5 21 21 18 10 7 21 3 20 12 9 9 8 9 3 10 7 17 6 5 16 13 22 21 15 29 20 14 15 5 16 14 17 2 18 29 28 10 11 10 8 3 9 19 22 3 18 2 14 13 15 9 20
13 11 11 11 19 2 21 10 13 22 4 18 17 19 10 31 27 28 3 12 25 4 29 7 19 12 13 17 21 38 1 13 19 5 6 14 19 5 11 21 16 21 19 14 13 18 14 5 14 20 4 30 23 3 20 16 22 14 6 24 21 39 16 8 20 3 4 14 8 6 9 20 19 5 14 20 17 14 21 21
2 19 4 19 24 3 18 10 5 7 14 12 19 18 21 19 27 30 24 29 22 16 16 11 16 18 14 16 6 13 25 13 27 30 14 8 17 4 21 8 4 16 28 20 3 3 7 23 29 3 9 10 11 5 6 6 17 11 29 14 9 12 7 27 14 13 1 26 18 12 10 13 24 21 4 12 16 5 19 18
27 9 27 15 16 16 13 7 19 16 15 19 18 5 17 16 8 29 31 22 20 14 21 9 27 23 14 18 14 12 11 8 16 13 19 28 10 24 4 14 15 16 26 6 24 19 5 5 5 12 10 12 11 6 26 19 3 17 11 6 13 18 10 12 4 8 18 18 4 29 18 7 9 16 15 6 20 12 19 8
5
0 1
2 3
4 5
6 7
8 9
