80
4
0 155
0 189
28 404
417 655
521 737
0 160
0 224
13 227
201 428
298 504
0 138
0 234
125 423
248 536
415 666
0 127
68 251
170 401
281 513
450 681
0 99
209 516
269 555
417 655
465 765
0 220
28 315
97 412
199 522
311 571
0 121
0 220
89 310
103 366
161 450
0 85
0 211
175 463
152 486
238 510
0 155
0 244
61 400
194 393
265 601
0 69
33 268
137 356
209 401
246 523
0 169
18 212
144 401
201 428
198 523
0 101
0 215
137 362
213 442
273 487
0 176
0 258
151 411
229 550
312 573
0 104
0 199
0 274
273 487
395 596
0 116
213 442
250 499
395 624
435 751
0 122
0 234
0 277
125 423
209 516
0 718
0 718
0 718
0 718
5 5 5 5 
80 80 80 80 
26 10 9 11
3 22 21 12
11 2 21 28
13 16 27 22
19 33 39 29
20 15 12 14
23 14 32 25
16 14 22 11
7 40 23 8
14 17 17 15
14 9 15 8
29 8 17 32
21 27 18 14
12 19 28 17
22 16 27 17
20 11 28 25
14 20 26 11
15 28 23 28
15 27 14 35
12 21 31 4
17 22 21 32
27 31 19 6
24 30 9 16
30 13 29 6
27 11 16 13
22 18 7 24
13 8 25 9
15 36 8 29
14 28 16 6
17 19 24 27
8 3 17 21
8 29 8 26
17 4 27 1
12 24 14 9
18 6 16 24
22 6 20 23
29 25 14 6
17 7 17 29
15 23 13 11
5 17 6 30
24 3 12 32
22 32 15 38
15 30 22 25
13 12 4 14
7 6 16 8
5 8 9 13
7 15 5 20
25 22 29 6
13 5 31 8
20 27 11 33
14 26 28 12
15 18 9 15
26 10 16 3
18 23 18 18
15 28 6 23
19 5 38 4
21 24 34 19
27 26 19 17
3 42 9 9
7 8 2 3
12 13 38 5
12 23 10 33
3 20 22 22
25 17 22 15
25 8 10 3
7 22 16 7
26 12 25 23
22 26 19 19
17 15 15 17
14 10 12 26
14 12 5 21
4 11 24 6
28 10 15 12
11 1 16 4
18 3 24 32
14 23 17 10
2 15 15 22
14 13 22 5
26 15 11 14
23 29 0 12
26 3 11 13 19 20 23 16 7 14 14 29 21 12 22 20 14 15 15 12 17 27 24 30 27 22 13 15 14 17 8 8 17 12 18 22 29 17 15 5 24 22 15 13 7 5 7 25 13 20 14 15 26 18 15 19 21 27 3 7 12 12 3 25 25 7 26 22 17 14 14 4 28 11 18 14 2 14 26 23
10 22 2 16 33 15 14 14 40 17 9 8 27 19 16 11 20 28 27 21 22 31 30 13 11 18 8 36 28 19 3 29 4 24 6 6 25 7 23 17 3 32 30 12 6 8 15 22 5 27 26 18 10 23 28 5 24 26 42 8 13 23 20 17 8 22 12 26 15 10 12 11 10 1 3 23 15 13 15 29
9 21 21 27 39 12 32 22 23 17 15 17 18 28 27 28 26 23 14 31 21 19 9 29 16 7 25 8 16 24 17 8 27 14 16 20 14 17 13 6 12 15 22 4 16 9 5 29 31 11 28 9 16 18 6 38 34 19 9 2 38 10 22 22 10 16 25 19 15 12 5 24 15 16 24 17 15 22 11 0
11 12 28 22 29 14 25 11 8 15 8 32 14 17 17 25 11 28 35 4 32 6 16 6 13 24 9 29 6 27 21 26 1 9 24 23 6 29 11 30 32 38 25 14 8 13 20 6 8 33 12 15 3 18 23 4 19 17 9 3 5 33 22 15 3 7 23 19 17 26 21 6 12 4 32 10 22 5 14 12
5
0 1
2 3
4 5
6 7
8 9
