80
4
207 207
247 247
352 352
486 486
549 549
222 222
343 343
385 385
459 459
571 571
198 198
299 299
369 369
461 461
552 552
256 256
323 323
365 365
454 454
521 521
157 157
248 248
346 346
453 453
573 573
198 198
256 256
411 411
495 495
566 566
212 212
275 275
345 345
453 453
542 542
123 123
218 218
364 364
446 446
531 531
12 12
108 108
227 227
457 457
336 336
120 120
199 199
336 336
457 457
539 539
139 139
227 227
326 326
490 490
539 539
190 190
311 311
408 408
498 498
538 538
12 12
145 145
195 195
299 299
371 371
11 11
105 105
157 157
393 393
489 489
151 151
207 207
409 409
496 496
537 537
67 67
149 149
268 268
426 426
538 538
0 643
0 643
0 643
0 643
0 0 0 0 
80 80 80 80 
19 13 13 22
23 22 24 16
7 22 14 8
26 20 18 25
18 27 17 10
16 19 13 9
3 11 9 13
10 20 7 12
7 24 5 11
7 13 16 21
20 3 15 16
32 1 2 30
11 7 25 5
11 3 16 4
4 9 15 26
20 12 34 10
17 25 14 14
30 23 29 12
2 6 15 35
14 26 16 5
10 22 14 32
1 5 13 16
10 16 15 8
9 1 13 18
17 16 20 17
10 23 28 13
13 22 25 12
5 25 27 33
17 23 11 5
6 18 14 24
7 6 10 3
12 1 21 10
4 9 16 18
14 15 25 7
5 3 8 19
22 10 7 31
17 26 20 10
19 5 14 25
15 16 20 3
14 23 20 15
19 10 4 7
8 19 17 16
7 13 12 17
10 9 9 5
7 13 4 20
13 18 2 9
9 21 7 7
21 22 12 4
12 13 27 14
26 20 4 18
10 3 18 15
22 21 10 4
16 22 13 3
20 3 7 16
13 17 6 11
5 12 4 14
10 10 1 7
13 6 16 35
6 3 16 6
15 10 4 9
2 23 3 24
22 33 11 26
26 8 8 9
14 7 15 23
18 4 4 6
10 8 4 17
17 4 11 12
11 22 14 33
3 10 19 11
7 5 4 9
12 7 16 25
6 10 12 7
16 20 9 10
7 7 15 1
8 14 14 24
2 16 18 2
29 15 10 29
15 1 13 7
16 15 27 13
11 29 20 5
19 23 7 26 18 16 3 10 7 7 20 32 11 11 4 20 17 30 2 14 10 1 10 9 17 10 13 5 17 6 7 12 4 14 5 22 17 19 15 14 19 8 7 10 7 13 9 21 12 26 10 22 16 20 13 5 10 13 6 15 2 22 26 14 18 10 17 11 3 7 12 6 16 7 8 2 29 15 16 11
13 22 22 20 27 19 11 20 24 13 3 1 7 3 9 12 25 23 6 26 22 5 16 1 16 23 22 25 23 18 6 1 9 15 3 10 26 5 16 23 10 19 13 9 13 18 21 22 13 20 3 21 22 3 17 12 10 6 3 10 23 33 8 7 4 8 4 22 10 5 7 10 20 7 14 16 15 1 15 29
13 24 14 18 17 13 9 7 5 16 15 2 25 16 15 34 14 29 15 16 14 13 15 13 20 28 25 27 11 14 10 21 16 25 8 7 20 14 20 20 4 17 12 9 4 2 7 12 27 4 18 10 13 7 6 4 1 16 16 4 3 11 8 15 4 4 11 14 19 4 16 12 9 15 14 18 10 13 27 20
22 16 8 25 10 9 13 12 11 21 16 30 5 4 26 10 14 12 35 5 32 16 8 18 17 13 12 33 5 24 3 10 18 7 19 31 10 25 3 15 7 16 17 5 20 9 7 4 14 18 15 4 3 16 11 14 7 35 6 9 24 26 9 23 6 17 12 33 11 9 25 7 10 1 24 2 29 7 13 5
5
0 1
2 3
4 5
6 7
8 9
