80
4
3 106
22 120
133 312
417 587
532 653
0 68
23 151
90 227
280 383
314 479
0 108
54 187
193 337
322 429
415 537
0 67
84 218
253 400
364 513
450 633
0 51
267 401
335 450
417 587
559 642
25 161
130 240
192 365
326 442
347 524
0 76
25 161
149 210
165 299
294 406
0 85
89 211
187 354
298 432
342 510
3 106
70 181
169 255
300 385
370 500
0 39
80 201
140 273
282 400
311 434
0 109
29 172
144 266
280 383
357 444
0 45
107 169
151 278
247 381
306 484
0 106
102 179
213 345
325 453
357 449
0 34
0 154
127 253
306 484
455 518
0 35
247 381
384 480
481 579
489 603
0 67
50 196
104 222
193 337
267 401
0 718
0 718
0 718
0 718
5 5 5 5 
80 80 80 80 
30 7 3 17
23 31 11 14
21 2 9 14
18 14 11 19
28 22 21 12
2 16 12 3
17 5 23 13
16 21 10 9
5 39 7 12
11 12 8 21
15 1 10 3
14 5 16 12
32 25 13 10
19 7 25 10
24 22 22 33
20 19 29 28
25 17 23 8
15 32 13 17
29 31 12 24
31 29 28 16
22 30 17 26
18 25 19 3
17 11 10 18
30 13 20 21
19 5 9 30
8 15 17 6
3 11 16 22
26 34 15 18
8 12 12 14
21 18 10 17
6 10 11 14
19 9 10 27
17 12 24 7
29 11 16 9
13 3 7 20
31 2 28 13
23 25 24 6
14 14 13 18
16 13 33 19
22 27 4 27
21 5 10 26
10 31 20 19
27 14 25 14
21 9 8 18
14 3 14 14
16 13 7 16
5 25 15 11
9 11 28 5
16 9 30 6
5 13 21 20
20 29 26 28
11 27 11 18
9 15 11 8
15 22 13 3
10 27 10 18
14 11 31 8
18 19 16 29
28 28 29 27
17 41 8 20
5 21 11 8
17 19 37 7
11 22 20 38
18 20 24 18
24 8 20 13
28 20 11 20
2 13 4 4
30 13 24 16
22 18 8 28
8 9 7 2
25 7 2 10
14 3 3 19
7 23 5 4
11 8 19 18
12 4 7 19
6 19 12 35
21 12 16 6
7 4 13 12
5 3 24 7
18 11 22 6
28 27 0 5
30 23 21 18 28 2 17 16 5 11 15 14 32 19 24 20 25 15 29 31 22 18 17 30 19 8 3 26 8 21 6 19 17 29 13 31 23 14 16 22 21 10 27 21 14 16 5 9 16 5 20 11 9 15 10 14 18 28 17 5 17 11 18 24 28 2 30 22 8 25 14 7 11 12 6 21 7 5 18 28
7 31 2 14 22 16 5 21 39 12 1 5 25 7 22 19 17 32 31 29 30 25 11 13 5 15 11 34 12 18 10 9 12 11 3 2 25 14 13 27 5 31 14 9 3 13 25 11 9 13 29 27 15 22 27 11 19 28 41 21 19 22 20 8 20 13 13 18 9 7 3 23 8 4 19 12 4 3 11 27
3 11 9 11 21 12 23 10 7 8 10 16 13 25 22 29 23 13 12 28 17 19 10 20 9 17 16 15 12 10 11 10 24 16 7 28 24 13 33 4 10 20 25 8 14 7 15 28 30 21 26 11 11 13 10 31 16 29 8 11 37 20 24 20 11 4 24 8 7 2 3 5 19 7 12 16 13 24 22 0
17 14 14 19 12 3 13 9 12 21 3 12 10 10 33 28 8 17 24 16 26 3 18 21 30 6 22 18 14 17 14 27 7 9 20 13 6 18 19 27 26 19 14 18 14 16 11 5 6 20 28 18 8 3 18 8 29 27 20 8 7 38 18 13 20 4 16 28 2 10 19 4 18 19 35 6 12 7 6 5
5
0 1
2 3
4 5
6 7
8 9
