80
4
0 718
0 718
0 718
0 718
0 718
0 718
0 718
0 718
0 718
0 718
0 718
0 718
0 718
0 718
0 718
0 718
0 718
0 718
0 718
0 718
0 718
0 718
0 718
0 718
0 718
0 718
0 718
0 718
0 718
0 718
0 718
0 718
0 718
0 718
0 718
0 718
0 718
0 718
0 718
0 718
0 718
0 718
0 718
0 718
0 718
0 718
0 718
0 718
0 718
0 718
0 718
0 718
0 718
0 718
0 718
0 718
0 718
0 718
0 718
0 718
0 718
0 718
0 718
0 718
0 718
0 718
0 718
0 718
0 718
0 718
0 718
0 718
0 718
0 718
0 718
0 718
0 718
0 718
0 718
0 718
0 718
0 718
0 718
0 718
5 5 5 5 
80 80 80 80 
21 6 6 9
10 26 23 17
25 22 19 23
21 15 27 12
16 14 41 18
17 3 5 7
21 8 27 14
24 21 24 5
15 24 18 13
23 27 11 22
15 3 5 19
31 8 12 19
16 24 9 11
21 21 16 24
17 14 22 27
25 23 19 32
15 16 36 18
24 16 23 31
31 28 16 28
27 28 26 5
14 19 15 31
23 29 4 12
20 14 15 16
21 9 28 3
25 1 28 16
9 19 15 24
8 8 23 8
19 21 5 34
22 16 8 21
16 30 26 19
17 5 13 8
15 24 20 14
10 18 14 12
15 11 18 1
7 7 7 15
29 16 19 30
20 20 18 15
25 19 7 16
15 14 32 1
17 23 13 21
26 16 15 39
26 25 9 27
21 31 22 15
24 3 14 10
8 6 22 15
3 17 13 19
1 18 19 11
22 19 23 11
24 17 37 14
17 23 17 39
18 28 21 22
16 28 14 30
27 20 16 14
7 14 27 6
8 16 10 27
14 8 29 9
32 31 34 22
13 15 16 18
7 26 4 18
6 22 4 5
20 13 27 8
23 22 10 28
8 13 17 14
13 8 3 20
14 14 9 13
15 12 2 9
25 12 27 6
6 15 7 15
7 3 8 18
25 12 9 9
12 8 19 8
5 8 16 13
15 24 17 8
9 16 6 1
17 16 22 26
16 11 16 5
7 3 14 23
11 10 21 13
19 16 15 18
20 29 0 5
21 10 25 21 16 17 21 24 15 23 15 31 16 21 17 25 15 24 31 27 14 23 20 21 25 9 8 19 22 16 17 15 10 15 7 29 20 25 15 17 26 26 21 24 8 3 1 22 24 17 18 16 27 7 8 14 32 13 7 6 20 23 8 13 14 15 25 6 7 25 12 5 15 9 17 16 7 11 19 20
6 26 22 15 14 3 8 21 24 27 3 8 24 21 14 23 16 16 28 28 19 29 14 9 1 19 8 21 16 30 5 24 18 11 7 16 20 19 14 23 16 25 31 3 6 17 18 19 17 23 28 28 20 14 16 8 31 15 26 22 13 22 13 8 14 12 12 15 3 12 8 8 24 16 16 11 3 10 16 29
6 23 19 27 41 5 27 24 18 11 5 12 9 16 22 19 36 23 16 26 15 4 15 28 28 15 23 5 8 26 13 20 14 18 7 19 18 7 32 13 15 9 22 14 22 13 19 23 37 17 21 14 16 27 10 29 34 16 4 4 27 10 17 3 9 2 27 7 8 9 19 16 17 6 22 16 14 21 15 0
9 17 23 12 18 7 14 5 13 22 19 19 11 24 27 32 18 31 28 5 31 12 16 3 16 24 8 34 21 19 8 14 12 1 15 30 15 16 1 21 39 27 15 10 15 19 11 11 14 39 22 30 14 6 27 9 22 18 18 5 8 28 14 20 13 9 6 15 18 9 8 13 8 1 26 5 23 13 18 5
5
0 1
2 3
4 5
6 7
8 9
