80
4
23 23
91 91
215 215
509 509
624 624
11 11
96 96
154 154
316 316
385 385
10 10
102 102
271 271
377 377
504 504
24 24
151 151
301 301
433 433
548 548
22 22
353 353
420 420
509 509
606 606
123 123
199 199
273 273
347 347
426 426
13 13
123 123
186 186
240 240
354 354
21 21
121 121
283 283
339 339
411 411
23 23
114 114
233 233
344 344
461 461
12 12
145 145
209 209
343 343
371 371
19 19
108 108
215 215
316 316
397 397
14 14
130 130
222 222
344 344
404 404
11 11
135 135
263 263
356 356
419 419
7 7
63 63
182 182
404 404
489 489
12 12
344 344
407 407
504 504
562 562
16 16
106 106
134 134
271 271
353 353
0 718
0 718
0 718
0 718
0 0 0 0
80 80 80 80  
18 3 11 6
4 23 24 8
29 3 21 29
27 25 21 8
27 14 27 23
10 11 9 2
13 10 19 13
30 10 14 10
14 24 22 20
17 13 3 11
3 3 17 14
13 8 16 27
15 17 3 17
22 21 17 13
20 20 34 17
34 27 25 27
9 11 24 16
28 26 32 17
18 20 12 36
26 12 27 14
23 28 11 12
19 22 4 9
16 24 16 4
28 7 21 4
27 18 15 27
27 14 6 21
14 15 29 18
29 37 6 32
10 28 2 20
19 23 15 15
6 8 14 22
27 22 27 12
19 17 29 13
14 21 12 13
7 3 1 12
29 2 24 22
16 23 14 5
32 22 18 14
15 15 33 9
3 25 4 30
15 15 9 38
11 19 27 28
18 20 13 28
29 17 2 16
8 1 4 6
7 17 7 8
10 15 21 12
10 18 11 1
22 2 28 1
4 31 20 27
16 35 25 29
19 27 14 34
20 9 3 3
8 11 21 6
18 26 5 36
21 3 32 14
23 38 35 25
26 27 23 35
20 42 3 24
8 14 10 18
14 25 30 16
23 24 13 23
8 12 19 22
27 18 9 22
25 10 6 15
12 21 21 14
20 2 13 5
21 26 17 14
7 14 2 4
23 8 7 16
4 17 16 7
11 25 14 14
30 25 12 11
23 18 5 12
17 14 22 20
8 7 19 1
5 15 9 31
12 6 19 5
12 7 23 15
35 32 0 5
18 4 29 27 27 10 13 30 14 17 3 13 15 22 20 34 9 28 18 26 23 19 16 28 27 27 14 29 10 19 6 27 19 14 7 29 16 32 15 3 15 11 18 29 8 7 10 10 22 4 16 19 20 8 18 21 23 26 20 8 14 23 8 27 25 12 20 21 7 23 4 11 30 23 17 8 5 12 12 35
3 23 3 25 14 11 10 10 24 13 3 8 17 21 20 27 11 26 20 12 28 22 24 7 18 14 15 37 28 23 8 22 17 21 3 2 23 22 15 25 15 19 20 17 1 17 15 18 2 31 35 27 9 11 26 3 38 27 42 14 25 24 12 18 10 21 2 26 14 8 17 25 25 18 14 7 15 6 7 32
11 24 21 21 27 9 19 14 22 3 17 16 3 17 34 25 24 32 12 27 11 4 16 21 15 6 29 6 2 15 14 27 29 12 1 24 14 18 33 4 9 27 13 2 4 7 21 11 28 20 25 14 3 21 5 32 35 23 3 10 30 13 19 9 6 21 13 17 2 7 16 14 12 5 22 19 9 19 23 0
6 8 29 8 23 2 13 10 20 11 14 27 17 13 17 27 16 17 36 14 12 9 4 4 27 21 18 32 20 15 22 12 13 13 12 22 5 14 9 30 38 28 28 16 6 8 12 1 1 27 29 34 3 6 36 14 25 35 24 18 16 23 22 22 15 14 5 14 4 16 7 14 11 12 20 1 31 5 15 5
5
0 1
2 3
4 5
6 7
8 9
