80
4
103 356
99 353
272 439
388 626
391 681
158 396
185 486
304 504
316 577
428 701
42 382
171 396
238 480
306 606
472 662
69 370
177 462
236 490
266 596
361 627
2 348
154 397
192 461
373 541
458 737
65 310
69 370
221 528
351 681
434 656
20 353
143 398
204 510
373 541
402 703
32 317
40 355
232 440
356 562
424 649
0 106
47 240
79 360
273 551
163 469
50 231
106 326
163 469
273 551
350 672
40 315
79 360
140 478
341 620
413 659
60 316
115 488
294 557
344 697
419 620
0 111
59 283
0 297
171 396
311 499
0 204
0 176
2 348
268 524
383 664
75 297
103 356
349 498
387 641
405 682
0 163
73 277
218 407
282 618
420 645
0 643
0 643
0 643
0 643
5 5 5 5 
80 80 80 80 
3 17 14 24
23 8 22 13
14 13 12 10
22 20 21 16
12 30 28 8
16 6 4 7
10 5 4 22
18 21 14 12
10 8 1 12
18 19 15 25
25 6 14 17
29 14 9 18
12 10 21 7
5 3 23 4
14 2 20 20
4 29 18 25
25 27 17 1
25 26 13 29
11 10 28 24
16 19 18 5
22 29 25 19
2 12 4 7
14 14 9 13
3 7 3 19
7 1 18 22
4 17 18 24
5 4 23 5
14 30 26 20
6 21 20 21
22 33 9 16
24 2 16 19
17 11 13 26
8 5 15 12
10 11 10 6
8 3 7 22
20 3 12 19
22 15 21 12
12 13 6 13
8 10 13 12
21 25 22 21
19 18 4 2
5 16 18 9
10 11 16 14
21 9 9 3
20 11 6 11
4 2 15 8
6 11 7 17
17 10 20 1
16 8 24 4
23 25 7 19
1 9 9 11
14 33 25 9
21 19 10 4
7 18 9 4
18 24 16 18
18 19 14 17
10 9 8 7
16 20 11 33
7 5 14 19
6 23 4 3
5 12 16 24
9 21 5 17
15 13 24 12
12 3 8 28
24 22 10 2
11 12 5 4
5 17 7 7
12 28 17 16
2 13 3 10
11 9 9 20
10 4 12 27
20 24 9 8
14 25 4 6
6 16 26 9
8 4 8 23
17 12 10 6
29 12 17 22
20 5 8 3
22 8 14 15
24 20 10 6
3 23 14 22 12 16 10 18 10 18 25 29 12 5 14 4 25 25 11 16 22 2 14 3 7 4 5 14 6 22 24 17 8 10 8 20 22 12 8 21 19 5 10 21 20 4 6 17 16 23 1 14 21 7 18 18 10 16 7 6 5 9 15 12 24 11 5 12 2 11 10 20 14 6 8 17 29 20 22 24
17 8 13 20 30 6 5 21 8 19 6 14 10 3 2 29 27 26 10 19 29 12 14 7 1 17 4 30 21 33 2 11 5 11 3 3 15 13 10 25 18 16 11 9 11 2 11 10 8 25 9 33 19 18 24 19 9 20 5 23 12 21 13 3 22 12 17 28 13 9 4 24 25 16 4 12 12 5 8 20
14 22 12 21 28 4 4 14 1 15 14 9 21 23 20 18 17 13 28 18 25 4 9 3 18 18 23 26 20 9 16 13 15 10 7 12 21 6 13 22 4 18 16 9 6 15 7 20 24 7 9 25 10 9 16 14 8 11 14 4 16 5 24 8 10 5 7 17 3 9 12 9 4 26 8 10 17 8 14 10
24 13 10 16 8 7 22 12 12 25 17 18 7 4 20 25 1 29 24 5 19 7 13 19 22 24 5 20 21 16 19 26 12 6 22 19 12 13 12 21 2 9 14 3 11 8 17 1 4 19 11 9 4 4 18 17 7 33 19 3 24 17 12 28 2 4 7 16 10 20 27 8 6 9 23 6 22 3 15 6
5
0 1
2 5
4 3
6 7
8 9
