80
4
183 286
194 308
297 387
404 542
490 577
158 255
249 401
323 470
419 503
547 596
132 264
278 345
281 439
426 535
485 592
176 316
288 410
284 430
426 519
435 551
117 250
194 339
270 421
432 486
496 595
166 289
176 316
374 455
471 591
498 656
188 242
183 312
261 410
432 486
493 630
32 148
185 262
275 434
426 524
508 626
0 106
50 200
140 283
393 551
239 397
71 164
133 296
239 397
393 551
471 592
40 195
140 283
231 420
414 560
496 626
159 277
287 367
343 443
449 576
501 615
0 35
121 217
123 249
278 345
321 463
0 66
55 176
117 250
345 417
419 514
82 247
183 286
349 446
397 530
454 634
7 114
119 169
239 293
406 516
457 575
0 643
0 643
0 643
0 643
3 3 3 3
80 80 80 80 
6 15 5 22
22 6 20 7
10 16 17 28
22 16 21 12
20 21 25 18
3 11 13 5
13 10 19 23
6 23 13 13
11 8 5 18
20 9 9 27
26 5 11 13
24 17 15 24
16 9 17 11
5 16 5 14
2 4 18 19
10 14 31 24
21 19 11 8
19 11 25 31
8 4 19 32
2 20 20 9
22 24 25 24
1 5 7 8
21 13 20 19
17 11 6 5
7 13 18 24
7 8 24 18
11 8 8 3
3 26 36 25
7 17 19 7
13 31 14 25
11 7 7 9
17 4 28 12
11 2 25 21
4 5 11 7
3 12 12 23
19 6 17 15
16 31 13 16
26 3 19 19
15 15 20 3
22 26 7 5
3 9 3 3
5 14 15 8
8 15 15 11
13 7 25 18
17 6 4 18
13 7 7 20
11 25 7 11
16 25 15 6
13 20 19 11
11 26 3 13
11 8 17 7
25 32 23 1
22 23 17 18
15 17 15 12
8 17 12 13
5 20 19 17
2 17 12 11
24 8 15 35
2 14 22 17
11 9 7 9
9 10 11 8
16 36 8 10
23 9 15 10
23 1 19 10
10 7 4 16
2 15 12 14
10 7 9 11
20 14 30 32
6 8 19 18
16 1 14 9
6 12 22 17
18 14 13 16
8 24 12 20
16 1 22 7
10 18 6 22
2 12 9 8
32 22 10 11
13 7 5 2
15 10 19 4
15 19 14 8
6 22 10 22 20 3 13 6 11 20 26 24 16 5 2 10 21 19 8 2 22 1 21 17 7 7 11 3 7 13 11 17 11 4 3 19 16 26 15 22 3 5 8 13 17 13 11 16 13 11 11 25 22 15 8 5 2 24 2 11 9 16 23 23 10 2 10 20 6 16 6 18 8 16 10 2 32 13 15 15
15 6 16 16 21 11 10 23 8 9 5 17 9 16 4 14 19 11 4 20 24 5 13 11 13 8 8 26 17 31 7 4 2 5 12 6 31 3 15 26 9 14 15 7 6 7 25 25 20 26 8 32 23 17 17 20 17 8 14 9 10 36 9 1 7 15 7 14 8 1 12 14 24 1 18 12 22 7 10 19
5 20 17 21 25 13 19 13 5 9 11 15 17 5 18 31 11 25 19 20 25 7 20 6 18 24 8 36 19 14 7 28 25 11 12 17 13 19 20 7 3 15 15 25 4 7 7 15 19 3 17 23 17 15 12 19 12 15 22 7 11 8 15 19 4 12 9 30 19 14 22 13 12 22 6 9 10 5 19 14
22 7 28 12 18 5 23 13 18 27 13 24 11 14 19 24 8 31 32 9 24 8 19 5 24 18 3 25 7 25 9 12 21 7 23 15 16 19 3 5 3 8 11 18 18 20 11 6 11 13 7 1 18 12 13 17 11 35 17 9 8 10 10 10 16 14 11 32 18 9 17 16 20 7 22 8 11 2 4 8
5
0 1
2 3
4 5
6 7
8 9

