96
4
410 539
125 278
256 378
382 504
422 539
336 444
257 387
81 231
314 439
345 505
143 253
205 372
417 591
402 559
114 285
376 549
298 434
445 572
213 347
206 358
161 257
378 522
228 368
402 535
103 228
314 446
387 508
447 555
143 310
332 498
316 425
444 606
216 360
188 352
476 615
375 473
100 197
234 396
171 343
152 326
140 319
178 341
136 294
455 622
231 369
322 446
450 566
162 334
439 540
216 357
70 243
436 537
300 425
210 347
104 279
370 467
169 316
424 548
300 449
137 233
422 564
95 230
107 272
299 433
180 323
222 322
109 253
237 392
178 283
285 405
457 606
300 416
129 299
372 511
95 260
122 251
233 387
306 411
129 234
248 346
106 251
410 570
432 539
350 455
190 339
110 257
383 531
324 442
158 285
272 413
404 554
82 254
216 370
442 553
85 192
124 269
0 1000
0 1000
0 1000
0 1000
5 5 5 5
96 96 96 96
33 14 23 35 
69 26 16 72 
93 55 38 83 
54 78 82 28 
81 70 81 107 
94 53 46 101 
85 69 78 110 
99 142 156 109 
22 28 44 45 
68 26 20 74 
33 47 52 4 
84 46 29 75 
71 113 124 72 
71 30 14 69 
51 38 34 31 
38 55 72 69 
23 42 58 53 
70 27 13 69 
20 57 73 50 
38 65 82 69 
38 45 48 11 
46 15 13 42 
58 53 49 32 
78 35 24 80 
11 32 45 26 
41 50 52 11 
83 116 132 110 
31 44 50 6 
23 35 44 14 
59 51 46 33 
48 67 71 19 
28 14 28 37 
36 7 20 42 
88 104 104 59 
49 64 66 18 
66 32 18 55 
16 40 56 46 
46 83 99 73 
92 106 122 123 
83 85 81 52 
19 56 67 21 
45 12 12 44 
33 73 84 34 
19 44 61 50 
37 56 61 7 
45 40 39 23 
31 14 25 35 
75 34 30 83 
80 92 91 50 
103 60 46 101 
89 46 33 88 
30 54 61 6 
84 53 37 68 
26 40 48 8 
28 59 75 58 
59 22 8 53 
29 34 40 15 
22 45 54 9 
12 48 60 21 
15 27 41 29 
33 59 67 11 
13 43 59 44 
52 89 98 43 
38 53 70 68 
28 16 29 34 
61 26 12 53 
69 27 12 67 
58 95 111 84 
22 32 48 48 
16 50 61 18 
65 35 22 52 
16 27 41 28 
12 41 57 42 
27 62 78 57 
93 79 69 65 
97 56 40 91 
47 75 81 26 
41 3 17 46 
38 53 58 7 
77 34 22 78 
3 45 59 33 
53 64 65 22 
70 55 46 46 
10 52 65 28 
50 20 14 42 
17 60 74 38 
23 20 33 32 
38 7 18 42 
30 51 58 2 
45 72 79 23 
44 46 47 17 
42 74 91 71 
35 73 89 63 
33 13 30 49 
21 31 40 19 
61 21 4 59 
33 69 93 54 81 94 85 99 22 68 33 84 71 71 51 38 23 70 20 38 38 46 58 78 11 41 83 31 23 59 48 28 36 88 49 66 16 46 92 83 19 45 33 19 37 45 31 75 80 103 89 30 84 26 28 59 29 22 12 15 33 13 52 38 28 61 69 58 22 16 65 16 12 27 93 97 47 41 38 77 3 53 70 10 50 17 23 38 30 45 44 42 35 33 21 61 
14 26 55 78 70 53 69 142 28 26 47 46 113 30 38 55 42 27 57 65 45 15 53 35 32 50 116 44 35 51 67 14 7 104 64 32 40 83 106 85 56 12 73 44 56 40 14 34 92 60 46 54 53 40 59 22 34 45 48 27 59 43 89 53 16 26 27 95 32 50 35 27 41 62 79 56 75 3 53 34 45 64 55 52 20 60 20 7 51 72 46 74 73 13 31 21 
23 16 38 82 81 46 78 156 44 20 52 29 124 14 34 72 58 13 73 82 48 13 49 24 45 52 132 50 44 46 71 28 20 104 66 18 56 99 122 81 67 12 84 61 61 39 25 30 91 46 33 61 37 48 75 8 40 54 60 41 67 59 98 70 29 12 12 111 48 61 22 41 57 78 69 40 81 17 58 22 59 65 46 65 14 74 33 18 58 79 47 91 89 30 40 4 
35 72 83 28 107 101 110 109 45 74 4 75 72 69 31 69 53 69 50 69 11 42 32 80 26 11 110 6 14 33 19 37 42 59 18 55 46 73 123 52 21 44 34 50 7 23 35 83 50 101 88 6 68 8 58 53 15 9 21 29 11 44 43 68 34 53 67 84 48 18 52 28 42 57 65 91 26 46 7 78 33 22 46 28 42 38 32 42 2 23 17 71 63 49 19 59 
3
0 1
2 3
4 5