192
4
206 382
126 266
189 280
472 650
474 579
214 373
301 437
223 350
220 331
472 563
225 327
172 303
151 288
433 562
478 614
340 431
224 367
240 370
160 290
214 383
455 565
381 551
154 317
239 354
200 331
336 435
171 304
122 249
115 227
310 468
164 259
229 384
78 195
191 343
214 349
192 294
199 335
339 476
153 296
209 315
318 451
440 549
184 306
386 557
72 231
188 317
407 522
245 400
385 485
137 306
68 196
71 178
72 204
177 300
339 467
307 443
164 339
277 450
107 231
278 373
407 554
123 273
322 466
425 575
122 235
170 310
109 216
78 251
477 634
338 435
166 308
429 534
203 355
119 278
450 620
100 236
285 430
106 249
116 220
107 258
407 513
317 429
132 267
167 319
179 290
360 477
173 269
198 332
103 262
168 280
296 469
296 419
169 322
61 181
245 408
454 574
295 434
119 248
183 342
434 553
82 175
135 283
311 454
217 333
410 542
143 306
233 347
195 300
143 241
268 445
154 257
255 406
142 254
311 452
137 238
281 381
289 419
329 478
359 504
398 566
448 562
115 288
261 387
112 287
329 439
100 241
376 506
121 232
343 468
302 399
118 245
93 257
101 192
282 453
347 461
376 554
422 592
93 272
209 349
85 193
469 624
126 229
435 591
390 481
72 188
278 399
80 189
402 553
120 254
111 280
133 262
348 513
156 270
437 561
156 304
294 465
344 477
427 580
106 263
283 413
223 358
355 512
225 389
201 327
147 313
285 381
245 399
238 341
353 493
182 311
429 548
229 362
195 334
180 288
249 422
424 556
469 628
168 312
166 276
310 412
443 557
367 540
199 325
114 209
77 178
400 533
345 521
359 525
302 414
177 318
298 429
323 457
0 1000
0 1000
0 1000
0 1000
5 5 5 5
192 192 192 192
77 106 74 49 
68 61 78 107 
45 4 27 84 
87 121 90 50 
53 69 74 84 
46 93 67 14 
39 21 39 83 
48 92 64 5 
23 65 51 43 
28 42 11 50 
99 52 80 138 
12 43 33 53 
20 35 32 63 
25 22 16 65 
23 70 48 27 
39 28 12 69 
56 99 69 14 
14 60 36 28 
60 39 32 85 
117 138 109 91 
88 95 107 119 
22 46 15 43 
72 110 79 33 
48 49 24 64 
54 22 49 97 
56 103 77 20 
15 40 12 47 
35 81 54 10 
44 91 66 14 
76 66 85 116 
64 93 61 42 
32 66 58 57 
34 68 37 25 
37 31 9 65 
76 81 93 109 
38 56 25 47 
54 98 68 10 
37 10 23 77 
49 36 21 74 
102 120 91 82 
41 87 59 5 
37 80 65 43 
61 107 81 23 
51 94 65 9 
82 122 91 40 
73 51 76 115 
51 40 24 73 
97 144 118 61 
36 81 53 6 
18 64 45 35 
61 97 65 29 
64 67 43 71 
53 51 29 69 
45 92 67 17 
102 76 74 121 
32 77 60 39 
83 49 79 126 
51 7 32 90 
58 24 32 91 
57 51 67 97 
45 92 70 29 
26 37 5 54 
33 78 50 9 
50 48 25 66 
32 60 56 62 
19 28 14 59 
27 72 54 34 
10 55 37 39 
20 47 17 41 
24 25 26 67 
19 63 47 39 
35 21 35 78 
62 20 52 105 
34 22 35 77 
76 122 102 56 
64 81 85 91 
25 41 9 50 
64 110 81 22 
53 7 39 94 
37 44 50 77 
42 28 45 85 
15 56 42 44 
39 84 57 6 
36 83 56 10 
75 68 51 85 
81 111 80 50 
69 112 82 26 
47 85 54 19 
25 51 47 60 
26 72 46 16 
23 29 6 58 
62 105 76 19 
29 39 8 54 
42 88 60 4 
49 50 62 88 
51 97 70 13 
61 29 35 92 
29 44 12 49 
28 63 32 28 
57 102 74 15 
43 80 49 19 
62 108 81 23 
72 118 90 31 
19 59 46 46 
99 121 91 74 
18 29 13 57 
71 26 50 109 
64 28 58 107 
54 36 27 80 
52 24 49 95 
99 54 76 135 
44 85 54 11 
16 41 12 46 
60 107 80 24 
19 51 22 36 
60 36 60 103 
35 59 57 67 
97 135 125 94 
64 105 74 22 
78 112 80 44 
24 69 52 36 
82 45 76 125 
42 5 29 83 
37 83 55 5 
57 9 39 96 
85 127 113 76 
90 77 64 101 
52 12 31 89 
60 25 35 93 
45 28 17 74 
30 39 43 71 
71 60 45 85 
57 13 36 95 
39 46 17 56 
23 25 11 61 
37 84 58 12 
45 1 30 86 
16 30 17 57 
44 26 17 75 
61 90 58 38 
48 86 76 59 
60 30 57 104 
43 82 51 14 
42 86 57 1 
49 12 26 85 
73 118 89 31 
84 106 76 63 
2 44 25 45 
61 19 50 103 
46 31 49 89 
49 85 53 22 
18 49 41 55 
27 74 49 19 
5 48 25 39 
34 32 42 77 
48 96 72 25 
45 12 23 82 
95 131 99 57 
99 79 72 114 
58 57 35 71 
12 59 38 34 
59 51 33 76 
40 81 50 12 
45 83 52 17 
24 54 47 58 
82 129 105 51 
52 34 24 78 
40 65 34 37 
50 96 69 13 
86 125 94 46 
31 67 36 25 
98 84 106 138 
45 4 33 86 
25 39 40 66 
47 92 64 5 
34 41 47 74 
23 66 51 42 
54 8 36 93 
81 128 103 45 
7 54 35 37 
75 97 99 97 
48 83 51 24 
70 48 72 112 
68 113 85 26 
56 99 69 14 
23 27 8 60 
51 67 37 51 
39 8 28 81 
25 72 50 26 
28 22 10 65 
62 109 87 39 
57 77 79 84 
77 68 45 87 53 46 39 48 23 28 99 12 20 25 23 39 56 14 60 117 88 22 72 48 54 56 15 35 44 76 64 32 34 37 76 38 54 37 49 102 41 37 61 51 82 73 51 97 36 18 61 64 53 45 102 32 83 51 58 57 45 26 33 50 32 19 27 10 20 24 19 35 62 34 76 64 25 64 53 37 42 15 39 36 75 81 69 47 25 26 23 62 29 42 49 51 61 29 28 57 43 62 72 19 99 18 71 64 54 52 99 44 16 60 19 60 35 97 64 78 24 82 42 37 57 85 90 52 60 45 30 71 57 39 23 37 45 16 44 61 48 60 43 42 49 73 84 2 61 46 49 18 27 5 34 48 45 95 99 58 12 59 40 45 24 82 52 40 50 86 31 98 45 25 47 34 23 54 81 7 75 48 70 68 56 23 51 39 25 28 62 57 
106 61 4 121 69 93 21 92 65 42 52 43 35 22 70 28 99 60 39 138 95 46 110 49 22 103 40 81 91 66 93 66 68 31 81 56 98 10 36 120 87 80 107 94 122 51 40 144 81 64 97 67 51 92 76 77 49 7 24 51 92 37 78 48 60 28 72 55 47 25 63 21 20 22 122 81 41 110 7 44 28 56 84 83 68 111 112 85 51 72 29 105 39 88 50 97 29 44 63 102 80 108 118 59 121 29 26 28 36 24 54 85 41 107 51 36 59 135 105 112 69 45 5 83 9 127 77 12 25 28 39 60 13 46 25 84 1 30 26 90 86 30 82 86 12 118 106 44 19 31 85 49 74 48 32 96 12 131 79 57 59 51 81 83 54 129 34 65 96 125 67 84 4 39 92 41 66 8 128 54 97 83 48 113 99 27 67 8 72 22 109 77 
74 78 27 90 74 67 39 64 51 11 80 33 32 16 48 12 69 36 32 109 107 15 79 24 49 77 12 54 66 85 61 58 37 9 93 25 68 23 21 91 59 65 81 65 91 76 24 118 53 45 65 43 29 67 74 60 79 32 32 67 70 5 50 25 56 14 54 37 17 26 47 35 52 35 102 85 9 81 39 50 45 42 57 56 51 80 82 54 47 46 6 76 8 60 62 70 35 12 32 74 49 81 90 46 91 13 50 58 27 49 76 54 12 80 22 60 57 125 74 80 52 76 29 55 39 113 64 31 35 17 43 45 36 17 11 58 30 17 17 58 76 57 51 57 26 89 76 25 50 49 53 41 49 25 42 72 23 99 72 35 38 33 50 52 47 105 24 34 69 94 36 106 33 40 64 47 51 36 103 35 99 51 72 85 69 8 37 28 50 10 87 79 
49 107 84 50 84 14 83 5 43 50 138 53 63 65 27 69 14 28 85 91 119 43 33 64 97 20 47 10 14 116 42 57 25 65 109 47 10 77 74 82 5 43 23 9 40 115 73 61 6 35 29 71 69 17 121 39 126 90 91 97 29 54 9 66 62 59 34 39 41 67 39 78 105 77 56 91 50 22 94 77 85 44 6 10 85 50 26 19 60 16 58 19 54 4 88 13 92 49 28 15 19 23 31 46 74 57 109 107 80 95 135 11 46 24 36 103 67 94 22 44 36 125 83 5 96 76 101 89 93 74 71 85 95 56 61 12 86 57 75 38 59 104 14 1 85 31 63 45 103 89 22 55 19 39 77 25 82 57 114 71 34 76 12 17 58 51 78 37 13 46 25 138 86 66 5 74 42 93 45 37 97 24 112 26 14 60 51 81 26 65 39 84 
3
12 11
10 190
13 30