48
4
399 525
121 299
389 483
204 304
317 458
160 257
170 287
215 321
80 233
90 206
397 525
271 420
108 266
340 462
226 377
446 604
444 566
434 557
319 460
192 312
414 572
371 462
378 472
308 477
329 444
269 377
398 494
257 416
198 294
375 467
200 338
456 632
72 179
182 282
159 306
321 500
322 430
443 564
207 348
457 588
203 382
75 167
459 598
174 332
130 225
169 283
115 232
414 531
0 1000
0 1000
0 1000
0 1000
5 5 5 5
48 48 48 48
60 69 16 63 
35 53 43 5 
48 32 98 83 
58 62 30 71 
90 102 36 77 
45 29 95 80 
8 16 49 42 
94 105 40 84 
17 31 59 27 
18 5 70 55 
22 11 75 57 
61 77 75 28 
117 127 64 109 
50 58 17 58 
56 74 45 21 
58 71 5 51 
97 113 59 66 
71 87 34 45 
84 79 72 108 
82 90 34 83 
62 77 82 34 
25 12 63 62 
47 64 29 23 
55 70 73 25 
58 76 39 27 
57 72 20 37 
54 36 96 91 
49 58 14 55 
85 96 31 77 
46 63 52 8 
21 38 35 24 
15 33 44 22 
98 105 49 98 
12 9 65 48 
6 22 56 33 
34 49 21 29 
1 17 53 38 
65 82 73 30 
35 51 60 13 
81 99 76 44 
22 32 32 39 
39 43 88 49 
43 57 74 26 
16 33 44 22 
25 10 75 62 
69 73 115 70 
54 70 70 22 
42 29 94 74 
60 35 48 58 90 45 8 94 17 18 22 61 117 50 56 58 97 71 84 82 62 25 47 55 58 57 54 49 85 46 21 15 98 12 6 34 1 65 35 81 22 39 43 16 25 69 54 42 
69 53 32 62 102 29 16 105 31 5 11 77 127 58 74 71 113 87 79 90 77 12 64 70 76 72 36 58 96 63 38 33 105 9 22 49 17 82 51 99 32 43 57 33 10 73 70 29 
16 43 98 30 36 95 49 40 59 70 75 75 64 17 45 5 59 34 72 34 82 63 29 73 39 20 96 14 31 52 35 44 49 65 56 21 53 73 60 76 32 88 74 44 75 115 70 94 
63 5 83 71 77 80 42 84 27 55 57 28 109 58 21 51 66 45 108 83 34 62 23 25 27 37 91 55 77 8 24 22 98 48 33 29 38 30 13 44 39 49 26 22 62 70 22 74 
3
0 1
2 3
4 5