240
4
422 555
128 256
122 271
141 286
106 199
92 212
345 487
366 470
127 225
179 292
308 401
139 234
306 406
465 566
422 523
305 404
151 301
455 587
107 233
221 316
329 454
384 490
79 175
76 173
297 433
358 514
375 521
218 364
87 235
289 439
432 603
433 581
360 450
194 333
373 503
429 536
298 473
445 557
134 248
267 395
76 254
281 426
232 409
317 492
333 424
474 608
364 478
329 467
330 429
478 585
66 239
126 239
264 403
144 253
154 325
244 419
159 273
130 263
334 434
420 514
392 544
151 316
117 240
131 298
64 237
119 209
109 268
340 441
356 476
391 556
295 430
139 232
277 412
286 465
386 560
78 221
337 474
325 416
103 206
386 500
288 445
225 379
252 415
404 513
169 333
190 368
383 516
71 220
469 571
64 236
187 292
90 253
123 274
101 229
406 535
364 458
347 456
420 521
339 491
61 203
437 603
423 567
340 434
146 270
230 409
239 338
467 591
400 539
424 576
457 599
360 529
165 260
312 430
108 210
308 479
299 466
97 242
68 225
175 292
457 577
202 312
100 234
368 547
101 210
119 246
471 568
233 411
296 451
133 255
146 303
185 345
413 526
67 216
400 541
413 517
242 359
66 184
395 498
382 494
370 537
66 161
257 401
385 483
409 510
62 154
330 423
91 227
105 249
309 475
374 491
408 533
409 553
225 325
388 494
257 371
274 371
169 274
126 300
427 552
143 311
233 352
233 340
236 336
325 442
244 372
396 510
447 590
169 274
125 288
380 545
250 428
125 223
209 357
165 341
61 234
387 496
244 388
464 597
84 215
328 452
437 611
234 405
70 180
405 545
352 525
448 577
289 396
222 374
272 428
239 386
342 482
332 510
412 554
149 265
450 562
197 325
74 191
271 425
167 311
302 469
116 236
447 572
396 532
432 547
326 417
410 504
317 408
420 561
97 213
292 389
143 237
421 567
322 482
246 365
461 626
294 457
189 301
430 538
264 394
186 353
218 344
95 216
384 550
238 330
221 321
412 538
159 272
218 378
133 310
97 225
346 520
382 538
382 492
224 359
99 216
167 257
101 207
170 330
195 328
199 373
0 1000
0 1000
0 1000
0 1000
5 5 5 5
240 240 240 240
45 77 89 71 
74 46 64 34 
51 27 8 48 
19 41 56 34 
40 16 5 38 
60 60 41 81 
70 38 52 34 
55 68 54 85 
44 30 10 52 
53 31 10 52 
9 43 47 49 
45 28 6 49 
59 34 15 55 
62 32 48 25 
13 39 53 36 
46 77 89 70 
55 38 59 17 
36 19 40 3 
40 72 84 65 
13 27 30 38 
35 70 75 73 
48 66 84 52 
54 37 58 16 
49 42 23 64 
79 44 43 54 
55 35 56 16 
67 43 62 27 
27 32 24 49 
14 21 29 32 
36 1 20 23 
95 84 62 106 
44 27 6 49 
14 50 56 52 
54 28 48 15 
20 16 24 30 
34 22 43 5 
29 20 14 39 
110 114 95 135 
28 54 69 46 
71 53 73 34 
96 106 88 125 
85 59 41 78 
50 26 46 11 
50 78 72 89 
82 92 75 111 
84 76 98 54 
79 53 70 39 
46 81 87 82 
56 21 31 28 
53 45 67 23 
23 50 64 44 
101 84 104 65 
75 57 36 78 
36 19 40 3 
8 31 35 40 
34 12 33 9 
33 68 74 69 
54 56 77 35 
21 18 35 18 
22 53 54 61 
21 33 51 25 
49 16 15 35 
54 40 61 19 
40 8 14 29 
34 38 58 22 
47 39 20 61 
41 35 56 15 
81 53 70 42 
95 60 63 64 
75 68 90 46 
52 44 65 22 
45 21 42 7 
49 42 22 63 
54 51 32 72 
14 47 57 46 
88 58 73 49 
46 11 17 30 
96 113 98 130 
28 9 29 16 
14 26 30 38 
7 28 37 33 
49 58 43 76 
31 32 22 51 
14 47 51 53 
37 6 27 15 
64 71 91 50 
57 21 29 31 
53 47 69 25 
103 106 87 127 
30 52 68 42 
9 44 51 47 
46 46 67 26 
123 134 117 153 
31 56 71 46 
83 51 65 45 
38 71 72 77 
75 39 42 47 
102 72 85 63 
54 31 52 14 
26 11 19 28 
21 15 22 30 
12 23 36 27 
70 58 36 80 
61 93 92 100 
24 12 30 19 
39 7 14 28 
58 34 15 55 
49 19 9 40 
74 65 86 43 
93 65 81 53 
59 33 16 53 
58 44 22 66 
53 18 24 31 
38 72 81 70 
20 21 38 18 
37 43 31 61 
61 90 104 80 
47 18 9 38 
49 38 60 17 
84 64 44 85 
31 7 16 28 
63 39 58 23 
50 22 42 13 
11 43 47 50 
18 24 41 21 
103 74 59 92 
64 42 62 25 
61 27 39 29 
21 45 60 38 
82 52 66 44 
17 52 60 52 
30 8 29 14 
13 26 41 26 
73 43 59 34 
22 27 24 44 
53 19 20 35 
48 13 26 24 
71 41 28 59 
57 24 21 40 
64 31 24 47 
31 11 33 12 
2 33 40 38 
41 21 42 2 
46 32 53 10 
47 21 5 42 
48 17 10 38 
74 47 64 35 
23 14 32 17 
30 52 47 65 
25 48 44 60 
16 19 28 29 
101 72 57 90 
35 13 34 8 
17 48 60 44 
57 54 75 32 
62 36 18 56 
6 37 48 37 
8 33 46 33 
45 53 73 35 
27 62 65 66 
9 39 43 47 
36 3 18 25 
50 36 58 15 
57 49 71 27 
27 14 34 13 
39 15 6 37 
119 101 80 122 
50 86 90 88 
99 65 58 77 
41 23 4 44 
73 44 29 62 
47 52 36 71 
32 35 55 19 
52 17 31 24 
53 23 13 42 
65 53 75 32 
15 29 30 42 
62 52 73 30 
54 32 52 15 
40 70 83 63 
35 36 24 55 
41 6 24 21 
17 18 32 24 
51 86 92 86 
56 44 23 66 
86 76 55 98 
14 25 29 37 
20 14 30 22 
18 48 48 57 
42 30 12 52 
98 75 56 96 
58 49 28 71 
3 38 45 43 
18 52 62 51 
53 58 42 78 
56 38 59 18 
16 29 29 42 
43 8 17 28 
84 93 76 112 
42 74 85 68 
50 21 40 13 
41 9 13 30 
7 31 37 40 
53 25 44 16 
57 33 13 55 
46 32 12 54 
35 5 16 27 
59 25 38 28 
62 88 103 75 
28 31 50 18 
12 38 51 35 
31 4 20 23 
24 11 23 25 
18 23 40 20 
72 47 65 32 
74 53 73 36 
11 23 34 30 
60 38 58 21 
94 91 70 112 
62 69 90 49 
42 15 36 9 
64 60 40 81 
40 67 82 58 
30 63 64 69 
34 3 18 24 
50 64 52 81 
25 12 30 18 
79 94 113 76 
60 39 59 21 
28 33 25 50 
18 21 38 20 
73 45 61 33 
70 50 70 31 
92 57 56 65 
13 26 30 37 
83 53 40 70 
51 27 48 11 
41 23 44 1 
54 28 47 15 
51 20 38 17 
45 74 51 19 40 60 70 55 44 53 9 45 59 62 13 46 55 36 40 13 35 48 54 49 79 55 67 27 14 36 95 44 14 54 20 34 29 110 28 71 96 85 50 50 82 84 79 46 56 53 23 101 75 36 8 34 33 54 21 22 21 49 54 40 34 47 41 81 95 75 52 45 49 54 14 88 46 96 28 14 7 49 31 14 37 64 57 53 103 30 9 46 123 31 83 38 75 102 54 26 21 12 70 61 24 39 58 49 74 93 59 58 53 38 20 37 61 47 49 84 31 63 50 11 18 103 64 61 21 82 17 30 13 73 22 53 48 71 57 64 31 2 41 46 47 48 74 23 30 25 16 101 35 17 57 62 6 8 45 27 9 36 50 57 27 39 119 50 99 41 73 47 32 52 53 65 15 62 54 40 35 41 17 51 56 86 14 20 18 42 98 58 3 18 53 56 16 43 84 42 50 41 7 53 57 46 35 59 62 28 12 31 24 18 72 74 11 60 94 62 42 64 40 30 34 50 25 79 60 28 18 73 70 92 13 83 51 41 54 51 
77 46 27 41 16 60 38 68 30 31 43 28 34 32 39 77 38 19 72 27 70 66 37 42 44 35 43 32 21 1 84 27 50 28 16 22 20 114 54 53 106 59 26 78 92 76 53 81 21 45 50 84 57 19 31 12 68 56 18 53 33 16 40 8 38 39 35 53 60 68 44 21 42 51 47 58 11 113 9 26 28 58 32 47 6 71 21 47 106 52 44 46 134 56 51 71 39 72 31 11 15 23 58 93 12 7 34 19 65 65 33 44 18 72 21 43 90 18 38 64 7 39 22 43 24 74 42 27 45 52 52 8 26 43 27 19 13 41 24 31 11 33 21 32 21 17 47 14 52 48 19 72 13 48 54 36 37 33 53 62 39 3 36 49 14 15 101 86 65 23 44 52 35 17 23 53 29 52 32 70 36 6 18 86 44 76 25 14 48 30 75 49 38 52 58 38 29 8 93 74 21 9 31 25 33 32 5 25 88 31 38 4 11 23 47 53 23 38 91 69 15 60 67 63 3 64 12 94 39 33 21 45 50 57 26 53 27 23 28 20 
89 64 8 56 5 41 52 54 10 10 47 6 15 48 53 89 59 40 84 30 75 84 58 23 43 56 62 24 29 20 62 6 56 48 24 43 14 95 69 73 88 41 46 72 75 98 70 87 31 67 64 104 36 40 35 33 74 77 35 54 51 15 61 14 58 20 56 70 63 90 65 42 22 32 57 73 17 98 29 30 37 43 22 51 27 91 29 69 87 68 51 67 117 71 65 72 42 85 52 19 22 36 36 92 30 14 15 9 86 81 16 22 24 81 38 31 104 9 60 44 16 58 42 47 41 59 62 39 60 66 60 29 41 59 24 20 26 28 21 24 33 40 42 53 5 10 64 32 47 44 28 57 34 60 75 18 48 46 73 65 43 18 58 71 34 6 80 90 58 4 29 36 55 31 13 75 30 73 52 83 24 24 32 92 23 55 29 30 48 12 56 28 45 62 42 59 29 17 76 85 40 13 37 44 13 12 16 38 103 50 51 20 23 40 65 73 34 58 70 90 36 40 82 64 18 52 30 113 59 25 38 61 70 56 30 40 48 44 47 38 
71 34 48 34 38 81 34 85 52 52 49 49 55 25 36 70 17 3 65 38 73 52 16 64 54 16 27 49 32 23 106 49 52 15 30 5 39 135 46 34 125 78 11 89 111 54 39 82 28 23 44 65 78 3 40 9 69 35 18 61 25 35 19 29 22 61 15 42 64 46 22 7 63 72 46 49 30 130 16 38 33 76 51 53 15 50 31 25 127 42 47 26 153 46 45 77 47 63 14 28 30 27 80 100 19 28 55 40 43 53 53 66 31 70 18 61 80 38 17 85 28 23 13 50 21 92 25 29 38 44 52 14 26 34 44 35 24 59 40 47 12 38 2 10 42 38 35 17 65 60 29 90 8 44 32 56 37 33 35 66 47 25 15 27 13 37 122 88 77 44 62 71 19 24 42 32 42 30 15 63 55 21 24 86 66 98 37 22 57 52 96 71 43 51 78 18 42 28 112 68 13 30 40 16 55 54 27 28 75 18 35 23 25 20 32 36 30 21 112 49 9 81 58 69 24 81 18 76 21 50 20 33 31 65 37 70 11 1 15 17 
3
120 140
10 19
131 30