72
6
94 327
206 531
294 651
261 563
85 406
87 309
104 439
226 449
270 551
268 599
127 351
139 340
126 481
192 453
155 467
195 379
151 403
298 578
272 490
221 529
196 544
219 411
73 332
82 303
282 630
195 550
128 405
186 537
72 335
178 512
180 433
144 430
113 400
226 465
66 411
173 357
283 573
261 489
254 446
179 538
253 440
165 524
72 425
142 452
277 564
203 439
97 402
96 340
155 513
96 340
85 280
212 448
197 488
101 359
104 337
243 511
129 329
267 563
81 325
264 512
243 563
256 508
155 423
298 478
234 577
218 552
164 417
276 592
291 642
69 277
181 429
81 286
0 1000
0 1000
0 1000
0 1000
0 1000
0 1000
5 5 5 5 5 5
72 72 72 72 72 72
144 67 147 118 121 156 
35 116 61 87 57 25 
75 109 30 59 72 56 
58 54 25 10 36 52 
105 83 53 41 85 94 
57 69 98 91 53 77 
75 11 78 53 51 85 
61 88 9 39 53 44 
31 55 59 56 15 45 
35 100 90 99 53 54 
32 58 65 62 21 48 
93 8 87 58 67 100 
76 33 51 19 50 75 
26 61 39 42 5 30 
91 106 36 54 81 73 
80 114 35 63 77 60 
98 14 88 57 72 104 
17 100 70 85 43 31 
33 53 59 54 15 47 
14 95 70 83 39 31 
43 49 36 27 18 44 
58 97 17 50 55 39 
113 33 114 85 89 123 
133 81 89 64 109 127 
32 83 24 47 31 17 
97 23 102 75 74 109 
15 79 66 73 27 36 
90 59 47 21 66 83 
67 58 27 6 46 60 
27 57 51 49 7 39 
13 89 69 80 35 33 
43 99 28 58 47 22 
60 109 114 118 73 80 
57 92 12 44 51 39 
29 108 55 79 49 17 
5 89 55 71 31 17 
58 26 61 40 33 66 
44 125 66 94 66 33 
48 127 66 94 68 35 
38 63 24 30 21 33 
110 27 95 62 84 115 
34 51 59 53 16 48 
79 7 79 53 54 87 
55 92 13 46 50 37 
82 98 27 46 72 65 
84 63 39 17 62 76 
109 25 103 73 83 117 
36 51 40 35 10 40 
72 12 69 43 46 79 
133 56 107 75 107 135 
89 12 76 46 62 94 
69 52 32 1 46 63 
83 69 34 20 63 73 
62 100 20 52 59 43 
50 47 33 19 26 49 
67 105 24 55 65 48 
153 92 111 85 128 148 
53 34 68 52 31 65 
83 20 65 34 56 86 
17 70 61 65 19 36 
71 17 62 35 44 76 
46 89 15 46 43 28 
114 75 68 46 91 106 
116 33 112 81 92 125 
41 106 97 106 60 59 
31 54 44 42 5 38 
23 70 34 45 14 21 
89 5 85 57 64 97 
49 75 7 30 36 36 
17 67 53 57 12 31 
26 110 69 89 52 28 
89 82 36 32 72 77 
144 35 75 58 105 57 75 61 31 35 32 93 76 26 91 80 98 17 33 14 43 58 113 133 32 97 15 90 67 27 13 43 60 57 29 5 58 44 48 38 110 34 79 55 82 84 109 36 72 133 89 69 83 62 50 67 153 53 83 17 71 46 114 116 41 31 23 89 49 17 26 89 
67 116 109 54 83 69 11 88 55 100 58 8 33 61 106 114 14 100 53 95 49 97 33 81 83 23 79 59 58 57 89 99 109 92 108 89 26 125 127 63 27 51 7 92 98 63 25 51 12 56 12 52 69 100 47 105 92 34 20 70 17 89 75 33 106 54 70 5 75 67 110 82 
147 61 30 25 53 98 78 9 59 90 65 87 51 39 36 35 88 70 59 70 36 17 114 89 24 102 66 47 27 51 69 28 114 12 55 55 61 66 66 24 95 59 79 13 27 39 103 40 69 107 76 32 34 20 33 24 111 68 65 61 62 15 68 112 97 44 34 85 7 53 69 36 
118 87 59 10 41 91 53 39 56 99 62 58 19 42 54 63 57 85 54 83 27 50 85 64 47 75 73 21 6 49 80 58 118 44 79 71 40 94 94 30 62 53 53 46 46 17 73 35 43 75 46 1 20 52 19 55 85 52 34 65 35 46 46 81 106 42 45 57 30 57 89 32 
121 57 72 36 85 53 51 53 15 53 21 67 50 5 81 77 72 43 15 39 18 55 89 109 31 74 27 66 46 7 35 47 73 51 49 31 33 66 68 21 84 16 54 50 72 62 83 10 46 107 62 46 63 59 26 65 128 31 56 19 44 43 91 92 60 5 14 64 36 12 52 72 
156 25 56 52 94 77 85 44 45 54 48 100 75 30 73 60 104 31 47 31 44 39 123 127 17 109 36 83 60 39 33 22 80 39 17 17 66 33 35 33 115 48 87 37 65 76 117 40 79 135 94 63 73 43 49 48 148 65 86 36 76 28 106 125 59 38 21 97 36 31 28 77 
3
0 1
2 3
4 5