80
4
0 643
0 643
0 643
0 643
0 643
0 643
0 643
0 643
0 643
0 643
0 643
0 643
0 643
0 643
0 643
0 643
0 643
0 643
0 643
0 643
0 643
0 643
0 643
0 643
0 643
0 643
0 643
0 643
0 643
0 643
0 643
0 643
0 643
0 643
0 643
0 643
0 643
0 643
0 643
0 643
0 643
0 643
0 643
0 643
0 643
0 643
0 643
0 643
0 643
0 643
0 643
0 643
0 643
0 643
0 643
0 643
0 643
0 643
0 643
0 643
0 643
0 643
0 643
0 643
0 643
0 643
0 643
0 643
0 643
0 643
0 643
0 643
0 643
0 643
0 643
0 643
0 643
0 643
0 643
0 643
0 643
0 643
0 643
0 643
5 5 5 5
80 80 80 80 
7 8 8 18
9 9 9 13
6 6 2 27
24 17 10 24
12 31 19 15
22 5 9 7
18 16 6 11
14 15 8 14
5 17 8 24
20 25 16 23
12 14 5 5
23 12 5 15
8 8 13 9
13 12 5 4
12 4 22 23
7 23 15 14
8 7 11 18
25 14 29 23
9 4 33 35
9 32 20 11
8 27 14 30
1 14 12 16
12 22 3 18
13 16 2 23
4 1 18 25
10 25 23 16
10 21 19 4
16 31 23 26
9 22 21 8
17 30 8 17
6 6 8 17
10 13 9 17
15 9 14 18
10 5 24 14
14 3 10 24
13 8 7 26
17 29 20 6
18 11 10 17
20 12 16 6
11 19 18 16
2 10 4 12
8 23 25 12
16 16 24 12
8 9 11 8
7 11 12 6
15 6 6 11
15 29 6 15
4 10 8 15
13 4 19 14
9 21 9 19
2 8 10 10
8 15 13 15
10 22 18 4
15 20 2 13
12 14 19 11
9 16 12 9
19 20 10 14
14 11 6 36
7 6 20 18
6 22 12 8
2 12 1 6
20 40 1 19
18 22 6 13
14 5 7 19
5 9 3 7
15 20 8 10
6 17 5 4
8 28 23 26
2 17 12 2
14 1 7 12
15 20 8 11
7 22 5 9
6 13 17 8
15 2 11 15
8 23 12 28
4 27 28 5
32 13 21 31
5 12 2 5
16 23 28 2
21 17 5 8
7 9 6 24 12 22 18 14 5 20 12 23 8 13 12 7 8 25 9 9 8 1 12 13 4 10 10 16 9 17 6 10 15 10 14 13 17 18 20 11 2 8 16 8 7 15 15 4 13 9 2 8 10 15 12 9 19 14 7 6 2 20 18 14 5 15 6 8 2 14 15 7 6 15 8 4 32 5 16 21
8 9 6 17 31 5 16 15 17 25 14 12 8 12 4 23 7 14 4 32 27 14 22 16 1 25 21 31 22 30 6 13 9 5 3 8 29 11 12 19 10 23 16 9 11 6 29 10 4 21 8 15 22 20 14 16 20 11 6 22 12 40 22 5 9 20 17 28 17 1 20 22 13 2 23 27 13 12 23 17
8 9 2 10 19 9 6 8 8 16 5 5 13 5 22 15 11 29 33 20 14 12 3 2 18 23 19 23 21 8 8 9 14 24 10 7 20 10 16 18 4 25 24 11 12 6 6 8 19 9 10 13 18 2 19 12 10 6 20 12 1 1 6 7 3 8 5 23 12 7 8 5 17 11 12 28 21 2 28 5
18 13 27 24 15 7 11 14 24 23 5 15 9 4 23 14 18 23 35 11 30 16 18 23 25 16 4 26 8 17 17 17 18 14 24 26 6 17 6 16 12 12 12 8 6 11 15 15 14 19 10 15 4 13 11 9 14 36 18 8 6 19 13 19 7 10 4 26 2 12 11 9 8 15 28 5 31 5 2 8
5
0 1
2 5
4 3
6 7
8 9
