288
4
218 308
129 244
475 593
230 341
159 330
390 561
389 538
89 260
454 628
306 441
391 565
106 254
460 613
76 240
366 523
270 377
78 235
251 385
475 597
229 340
203 342
388 521
425 544
333 503
394 535
380 503
160 318
313 479
60 154
267 409
281 438
217 358
222 375
197 324
111 237
247 358
397 522
130 308
116 291
324 473
255 388
123 214
281 422
247 426
173 285
341 481
322 436
413 534
275 374
399 534
64 192
182 301
456 602
111 206
389 513
180 304
154 296
403 495
141 306
141 234
377 534
179 270
333 434
258 351
426 569
67 198
108 230
181 299
235 407
444 586
424 553
269 441
351 468
453 562
322 501
476 625
390 518
125 254
90 192
244 411
169 287
132 238
371 472
221 377
159 285
440 588
174 344
365 530
414 549
381 523
79 206
304 417
76 226
140 277
146 240
274 433
400 569
301 465
76 222
108 274
372 522
290 430
368 503
76 207
471 608
335 459
281 416
185 358
285 401
225 333
146 290
76 204
62 185
324 477
479 631
317 460
325 486
227 392
411 501
95 258
377 483
85 180
474 615
90 224
328 473
421 564
91 227
470 579
342 461
409 535
252 356
313 464
454 571
99 210
478 573
109 255
130 287
277 393
136 311
236 372
84 209
388 482
335 465
427 538
471 629
382 536
101 264
229 365
78 187
216 370
262 382
469 591
294 471
339 517
359 528
254 367
413 581
244 348
328 422
424 541
243 346
110 256
246 373
449 558
341 431
87 218
230 362
101 209
316 412
157 268
71 218
441 593
223 380
149 302
292 465
349 525
439 568
340 462
422 573
346 492
431 574
102 270
361 456
276 370
207 362
76 200
233 360
85 222
242 352
301 454
386 535
341 472
301 397
176 299
297 416
382 500
100 228
266 408
152 300
416 552
124 223
62 240
62 189
403 510
87 261
96 220
281 443
364 525
60 232
443 561
314 405
429 569
86 208
208 335
290 450
193 367
368 532
118 279
389 547
340 504
356 535
232 339
425 593
216 363
86 206
326 421
432 555
187 308
429 586
433 561
141 317
368 491
123 300
289 452
297 440
352 467
112 290
185 347
358 478
362 489
478 582
308 461
122 212
446 573
477 603
229 401
261 409
270 413
399 498
238 349
67 245
305 406
244 419
310 409
396 547
256 368
217 367
71 213
471 605
147 254
137 284
179 301
305 421
319 416
249 362
87 222
332 422
313 464
103 231
163 269
368 485
443 534
109 257
178 287
400 522
159 324
306 411
68 200
277 394
343 438
131 305
419 531
399 548
318 493
447 573
176 300
458 602
457 570
0 1000
0 1000
0 1000
0 1000
5 5 5 5
288 288 288 288
82 105 25 70 
43 45 55 9 
36 11 92 49 
61 37 118 75 
60 28 111 60 
111 136 53 103 
89 83 85 55 
24 55 56 55 
92 100 60 63 
67 39 105 52 
13 19 70 36 
71 98 14 67 
51 58 47 20 
56 86 21 64 
52 20 104 54 
47 63 30 27 
38 6 90 43 
33 26 66 13 
57 84 4 56 
32 64 37 52 
81 106 23 74 
86 112 28 79 
37 35 61 7 
99 69 138 84 
26 46 74 60 
63 81 27 44 
67 36 120 71 
17 46 40 32 
54 70 30 33 
75 103 20 73 
60 40 117 78 
60 41 118 79 
68 96 12 66 
68 100 35 80 
68 36 117 65 
59 75 30 37 
82 101 33 64 
35 3 87 40 
4 34 53 32 
32 31 60 6 
30 55 69 63 
106 138 88 128 
72 68 126 100 
26 38 79 58 
84 109 26 77 
62 82 20 46 
72 97 14 64 
58 56 113 87 
24 15 81 44 
56 51 67 23 
61 32 102 48 
65 85 22 49 
47 21 103 59 
43 14 97 51 
36 60 23 31 
92 66 122 70 
43 38 63 11 
26 25 61 13 
61 78 100 95 
10 42 48 36 
58 34 92 38 
43 39 63 12 
66 65 62 32 
39 39 57 5 
40 43 53 6 
30 5 79 32 
21 15 78 42 
75 107 60 96 
22 51 59 54 
81 73 137 108 
87 58 142 93 
11 43 54 42 
50 54 52 17 
42 70 15 45 
46 14 93 43 
61 91 17 66 
6 38 53 36 
44 74 18 51 
59 38 116 76 
68 100 46 85 
63 90 7 61 
40 27 72 18 
22 36 48 12 
62 91 10 63 
78 48 132 83 
3 32 59 36 
42 70 15 44 
49 71 18 37 
94 67 150 104 
26 56 59 58 
55 87 27 67 
65 37 121 74 
105 127 49 91 
85 70 96 53 
37 58 27 26 
43 44 56 9 
56 67 39 29 
57 82 3 51 
31 54 29 27 
32 5 86 43 
26 15 70 22 
57 81 5 49 
45 77 44 67 
42 62 83 76 
34 66 46 59 
60 87 3 57 
31 41 46 7 
73 98 15 66 
24 7 77 34 
72 97 92 104 
25 7 78 36 
29 56 66 62 
51 57 48 19 
30 6 79 31 
53 40 111 76 
55 86 23 64 
16 21 73 41 
11 26 58 23 
91 111 119 125 
27 30 84 55 
78 106 23 77 
68 97 20 71 
63 79 29 42 
95 125 44 98 
16 32 51 17 
45 45 57 11 
30 53 30 25 
76 105 23 76 
60 82 11 49 
44 65 22 32 
29 59 58 60 
90 117 34 87 
31 48 37 16 
72 73 62 39 
36 7 84 35 
66 84 101 100 
40 68 19 45 
42 64 21 32 
62 90 7 60 
36 62 71 69 
96 113 46 76 
77 81 125 109 
68 98 23 74 
52 22 95 42 
24 34 51 9 
39 7 91 44 
38 65 69 70 
39 14 82 31 
74 106 38 85 
26 57 34 42 
39 49 44 11 
31 23 89 54 
19 12 72 31 
85 107 29 72 
52 40 75 23 
29 4 83 39 
75 52 133 90 
93 87 148 121 
65 97 43 81 
9 36 62 43 
94 119 37 85 
68 89 18 54 
72 96 14 64 
96 119 39 84 
54 22 104 53 
56 78 11 45 
64 91 7 61 
21 36 48 13 
41 70 62 70 
50 41 71 20 
58 27 110 60 
5 37 51 33 
37 12 93 50 
62 62 60 28 
45 70 13 40 
12 25 58 22 
31 5 80 32 
76 85 50 47 
27 4 80 36 
2 31 56 31 
29 35 53 4 
69 98 16 70 
51 41 72 21 
27 15 84 46 
18 40 70 52 
31 32 88 59 
59 28 106 54 
30 47 38 16 
92 105 54 67 
11 30 53 22 
32 41 48 5 
84 104 32 67 
72 40 119 66 
22 48 64 55 
58 82 6 50 
67 89 17 54 
69 100 31 78 
38 16 80 28 
75 90 35 52 
20 52 50 48 
87 113 29 82 
52 20 101 50 
47 29 80 26 
44 14 98 51 
60 92 49 80 
69 63 74 35 
66 72 50 35 
63 66 55 30 
30 29 60 9 
40 61 25 28 
28 35 52 5 
86 118 53 99 
37 62 70 69 
109 135 51 102 
66 94 12 66 
41 72 26 53 
38 12 94 50 
12 35 65 45 
58 76 25 39 
17 45 61 50 
36 5 88 41 
76 48 132 85 
34 47 41 12 
30 45 81 63 
70 88 29 50 
135 109 160 111 
56 38 84 31 
61 89 6 59 
41 62 23 30 
78 108 31 83 
32 14 88 49 
29 40 47 8 
51 25 107 63 
51 61 41 23 
65 35 119 71 
37 52 37 16 
40 42 55 6 
49 66 28 30 
61 43 86 34 
96 69 152 106 
65 85 20 49 
31 13 88 48 
39 71 39 59 
84 87 67 52 
35 4 88 41 
63 88 8 55 
21 12 76 37 
50 75 78 82 
28 46 38 17 
44 53 45 15 
19 41 69 53 
57 82 5 50 
9 35 49 26 
31 18 88 51 
30 14 87 48 
23 50 64 56 
82 50 127 74 
64 67 115 95 
68 87 25 50 
48 24 104 62 
32 61 26 41 
39 19 96 56 
38 43 93 69 
3 35 53 33 
9 38 59 43 
34 50 82 68 
55 79 7 47 
21 22 62 17 
32 17 89 51 
43 68 15 40 
102 130 47 100 
38 6 88 40 
28 58 30 39 
39 43 52 6 
91 112 116 124 
28 52 69 62 
10 39 46 29 
74 103 25 78 
42 67 16 37 
50 22 92 39 
3 28 59 32 
36 5 87 39 
51 33 109 70 
42 17 98 55 
8 29 65 40 
64 95 38 78 
66 97 30 76 
41 13 86 35 
82 43 36 61 60 111 89 24 92 67 13 71 51 56 52 47 38 33 57 32 81 86 37 99 26 63 67 17 54 75 60 60 68 68 68 59 82 35 4 32 30 106 72 26 84 62 72 58 24 56 61 65 47 43 36 92 43 26 61 10 58 43 66 39 40 30 21 75 22 81 87 11 50 42 46 61 6 44 59 68 63 40 22 62 78 3 42 49 94 26 55 65 105 85 37 43 56 57 31 32 26 57 45 42 34 60 31 73 24 72 25 29 51 30 53 55 16 11 91 27 78 68 63 95 16 45 30 76 60 44 29 90 31 72 36 66 40 42 62 36 96 77 68 52 24 39 38 39 74 26 39 31 19 85 52 29 75 93 65 9 94 68 72 96 54 56 64 21 41 50 58 5 37 62 45 12 31 76 27 2 29 69 51 27 18 31 59 30 92 11 32 84 72 22 58 67 69 38 75 20 87 52 47 44 60 69 66 63 30 40 28 86 37 109 66 41 38 12 58 17 36 76 34 30 70 135 56 61 41 78 32 29 51 51 65 37 40 49 61 96 65 31 39 84 35 63 21 50 28 44 19 57 9 31 30 23 82 64 68 48 32 39 38 3 9 34 55 21 32 43 102 38 28 39 91 28 10 74 42 50 3 36 51 42 8 64 66 41 
105 45 11 37 28 136 83 55 100 39 19 98 58 86 20 63 6 26 84 64 106 112 35 69 46 81 36 46 70 103 40 41 96 100 36 75 101 3 34 31 55 138 68 38 109 82 97 56 15 51 32 85 21 14 60 66 38 25 78 42 34 39 65 39 43 5 15 107 51 73 58 43 54 70 14 91 38 74 38 100 90 27 36 91 48 32 70 71 67 56 87 37 127 70 58 44 67 82 54 5 15 81 77 62 66 87 41 98 7 97 7 56 57 6 40 86 21 26 111 30 106 97 79 125 32 45 53 105 82 65 59 117 48 73 7 84 68 64 90 62 113 81 98 22 34 7 65 14 106 57 49 23 12 107 40 4 52 87 97 36 119 89 96 119 22 78 91 36 70 41 27 37 12 62 70 25 5 85 4 31 35 98 41 15 40 32 28 47 105 30 41 104 40 48 82 89 100 16 90 52 113 20 29 14 92 63 72 66 29 61 35 118 62 135 94 72 12 35 76 45 5 48 47 45 88 109 38 89 62 108 14 40 25 61 35 52 42 66 43 69 85 13 71 87 4 88 12 75 46 53 41 82 35 18 14 50 50 67 87 24 61 19 43 35 38 50 79 22 17 68 130 6 58 43 112 52 39 103 67 22 28 5 33 17 29 95 97 13 
25 55 92 118 111 53 85 56 60 105 70 14 47 21 104 30 90 66 4 37 23 28 61 138 74 27 120 40 30 20 117 118 12 35 117 30 33 87 53 60 69 88 126 79 26 20 14 113 81 67 102 22 103 97 23 122 63 61 100 48 92 63 62 57 53 79 78 60 59 137 142 54 52 15 93 17 53 18 116 46 7 72 48 10 132 59 15 18 150 59 27 121 49 96 27 56 39 3 29 86 70 5 44 83 46 3 46 15 77 92 78 66 48 79 111 23 73 58 119 84 23 20 29 44 51 57 30 23 11 22 58 34 37 62 84 101 19 21 7 71 46 125 23 95 51 91 69 82 38 34 44 89 72 29 75 83 133 148 43 62 37 18 14 39 104 11 7 48 62 71 110 51 93 60 13 58 80 50 80 56 53 16 72 84 70 88 106 38 54 53 48 32 119 64 6 17 31 80 35 50 29 101 80 98 49 74 50 55 60 25 52 53 70 51 12 26 94 65 25 61 88 132 41 81 29 160 84 6 23 31 88 47 107 41 119 37 55 28 86 152 20 88 39 67 88 8 76 78 38 45 69 5 49 88 87 64 127 115 25 104 26 96 93 53 59 82 7 62 89 15 47 88 30 52 116 69 46 25 16 92 59 87 109 98 65 38 30 86 
70 9 49 75 60 103 55 55 63 52 36 67 20 64 54 27 43 13 56 52 74 79 7 84 60 44 71 32 33 73 78 79 66 80 65 37 64 40 32 6 63 128 100 58 77 46 64 87 44 23 48 49 59 51 31 70 11 13 95 36 38 12 32 5 6 32 42 96 54 108 93 42 17 45 43 66 36 51 76 85 61 18 12 63 83 36 44 37 104 58 67 74 91 53 26 9 29 51 27 43 22 49 67 76 59 57 7 66 34 104 36 62 19 31 76 64 41 23 125 55 77 71 42 98 17 11 25 76 49 32 60 87 16 39 35 100 45 32 60 69 76 109 74 42 9 44 70 31 85 42 11 54 31 72 23 39 90 121 81 43 85 54 64 84 53 45 61 13 70 20 60 33 50 28 40 22 32 47 36 31 4 70 21 46 52 59 54 16 67 22 5 67 66 55 50 54 78 28 52 48 82 50 26 51 80 35 35 30 9 28 5 99 69 102 66 53 50 45 39 50 41 85 12 63 50 111 31 59 30 83 49 8 63 23 71 16 6 30 34 106 49 48 59 52 41 55 37 82 17 15 53 50 26 51 48 56 74 95 50 62 41 56 69 33 43 68 47 17 51 40 100 40 39 6 124 62 29 78 37 39 32 39 70 55 40 78 76 35 
3
12 1
10 190
231 30