144
6
434 571
131 233
408 585
319 486
211 371
268 399
433 588
232 380
361 521
433 590
474 639
73 185
194 310
107 243
310 432
234 349
424 587
466 603
422 541
236 364
76 229
391 550
350 491
170 322
71 217
403 582
364 535
408 503
452 581
246 379
129 272
422 556
84 211
200 314
269 391
64 180
76 240
236 389
98 244
382 553
433 610
384 511
329 435
178 271
434 568
207 352
279 392
76 180
220 318
320 483
62 234
237 362
227 380
79 250
204 371
117 280
148 319
257 399
368 509
283 375
362 524
207 313
128 298
384 493
368 481
436 607
108 282
442 578
115 250
77 197
132 254
398 558
426 525
200 329
258 351
455 611
442 562
345 512
77 178
103 233
469 638
459 608
71 201
458 571
148 326
270 388
384 501
239 330
359 527
277 390
390 540
98 251
450 599
179 325
307 457
183 317
452 592
182 318
232 371
155 254
306 439
158 293
397 573
425 564
292 386
432 581
96 242
390 507
146 316
414 577
353 473
406 568
232 361
121 235
230 363
335 455
133 309
386 558
226 378
154 269
131 233
70 216
161 265
78 237
118 280
372 470
369 464
225 378
132 248
252 348
319 456
212 312
421 596
217 387
123 299
395 570
194 299
160 290
309 456
102 207
102 256
99 234
285 448
445 566
0 1000
0 1000
0 1000
0 1000
0 1000
0 1000
5 5 5 5 5 5
144 144 144 144 144 144
93 83 21 66 8 50 
86 87 42 77 30 48 
59 36 31 16 61 31 
79 57 107 64 136 94 
59 38 29 18 59 30 
118 101 44 82 38 77 
24 52 95 68 115 62 
48 20 70 25 100 55 
102 73 90 65 116 94 
25 15 77 35 105 51 
26 43 60 48 78 28 
82 52 75 45 103 75 
25 33 52 36 73 19 
106 95 33 78 9 62 
61 45 17 27 47 23 
50 22 71 27 101 56 
46 52 43 48 57 18 
88 68 119 76 149 106 
49 25 40 5 70 31 
56 71 63 70 69 41 
97 90 30 74 4 54 
53 26 74 31 104 60 
32 5 65 21 94 44 
60 50 15 36 40 16 
21 31 89 50 115 60 
80 52 84 49 113 80 
40 69 101 82 116 69 
6 28 79 45 104 48 
32 61 101 76 120 69 
91 91 44 80 29 52 
91 96 56 87 42 57 
85 70 9 52 25 42 
77 63 4 45 31 36 
13 19 75 37 101 46 
30 18 81 37 109 56 
104 97 37 82 8 61 
107 84 42 64 54 70 
49 22 71 27 101 56 
18 43 74 54 93 41 
2 30 74 45 97 42 
76 69 15 54 22 32 
34 19 81 37 109 58 
58 56 26 46 40 17 
34 34 42 31 64 9 
75 57 14 38 41 37 
64 52 11 37 37 21 
20 40 65 48 84 32 
85 85 39 74 27 46 
122 94 82 78 101 99 
35 11 71 27 100 50 
69 55 113 68 143 94 
108 102 42 86 12 65 
5 31 72 45 95 40 
42 37 33 29 56 2 
69 72 39 64 39 33 
66 56 9 41 34 23 
42 71 112 87 131 80 
106 103 48 90 21 65 
46 36 29 24 55 7 
110 108 54 95 27 70 
57 31 78 35 108 65 
97 80 22 62 27 55 
22 23 84 43 111 57 
93 84 23 68 6 49 
48 30 31 14 60 19 
22 41 64 48 83 31 
131 121 59 104 32 88 
71 51 17 32 46 34 
95 66 69 52 95 78 
133 120 58 102 36 89 
44 48 40 44 56 13 
49 45 28 35 49 6 
24 53 89 67 108 57 
18 13 60 26 86 32 
37 41 43 39 62 12 
95 83 21 66 11 51 
60 40 25 21 55 28 
48 66 69 69 78 43 
126 112 51 93 34 83 
40 69 103 83 119 71 
62 64 35 56 42 25 
73 100 112 108 118 85 
94 86 25 70 4 50 
34 63 95 76 112 63 
94 84 22 67 8 51 
119 115 56 100 26 77 
116 98 43 78 42 76 
126 103 59 83 64 89 
127 124 67 110 37 86 
43 14 61 16 90 45 
78 65 3 48 27 36 
70 67 23 55 29 28 
30 56 79 65 95 47 
115 114 59 101 32 75 
115 111 53 97 24 74 
26 52 101 70 123 69 
19 13 59 25 85 30 
59 68 52 65 57 34 
45 46 36 41 54 10 
101 99 45 86 21 60 
17 37 91 56 116 60 
9 29 82 47 106 51 
64 44 98 53 127 82 
24 14 75 33 103 49 
113 101 39 84 18 70 
20 10 61 24 88 34 
92 85 26 69 6 49 
72 52 19 32 48 36 
15 16 73 35 99 45 
76 49 87 49 117 80 
50 61 53 60 63 30 
104 95 33 78 6 60 
53 30 84 39 113 67 
19 35 61 42 81 28 
29 30 46 30 69 14 
94 120 126 126 128 101 
125 108 50 89 39 82 
78 60 114 70 144 98 
107 81 55 63 73 77 
86 58 85 53 114 84 
97 71 50 53 71 69 
12 41 86 57 108 54 
35 35 41 32 63 8 
105 100 41 85 12 63 
63 47 16 28 46 26 
133 110 66 90 70 96 
22 16 54 23 80 25 
45 28 88 43 117 67 
7 23 68 37 92 37 
53 65 55 63 63 33 
82 88 53 80 45 50 
44 22 40 5 69 25 
22 6 64 24 91 38 
67 42 37 23 66 42 
65 53 9 37 36 22 
82 73 14 57 17 38 
89 101 74 97 65 66 
100 91 29 74 3 56 
64 41 28 22 58 34 
16 13 64 29 91 36 
39 65 84 73 97 54 
67 38 60 28 90 58 
122 93 90 80 111 104 
55 53 29 44 44 14 
93 86 59 79 59 118 24 48 102 25 26 82 25 106 61 50 46 88 49 56 97 53 32 60 21 80 40 6 32 91 91 85 77 13 30 104 107 49 18 2 76 34 58 34 75 64 20 85 122 35 69 108 5 42 69 66 42 106 46 110 57 97 22 93 48 22 131 71 95 133 44 49 24 18 37 95 60 48 126 40 62 73 94 34 94 119 116 126 127 43 78 70 30 115 115 26 19 59 45 101 17 9 64 24 113 20 92 72 15 76 50 104 53 19 29 94 125 78 107 86 97 12 35 105 63 133 22 45 7 53 82 44 22 67 65 82 89 100 64 16 39 67 122 55 
83 87 36 57 38 101 52 20 73 15 43 52 33 95 45 22 52 68 25 71 90 26 5 50 31 52 69 28 61 91 96 70 63 19 18 97 84 22 43 30 69 19 56 34 57 52 40 85 94 11 55 102 31 37 72 56 71 103 36 108 31 80 23 84 30 41 121 51 66 120 48 45 53 13 41 83 40 66 112 69 64 100 86 63 84 115 98 103 124 14 65 67 56 114 111 52 13 68 46 99 37 29 44 14 101 10 85 52 16 49 61 95 30 35 30 120 108 60 81 58 71 41 35 100 47 110 16 28 23 65 88 22 6 42 53 73 101 91 41 13 65 38 93 53 
21 42 31 107 29 44 95 70 90 77 60 75 52 33 17 71 43 119 40 63 30 74 65 15 89 84 101 79 101 44 56 9 4 75 81 37 42 71 74 74 15 81 26 42 14 11 65 39 82 71 113 42 72 33 39 9 112 48 29 54 78 22 84 23 31 64 59 17 69 58 40 28 89 60 43 21 25 69 51 103 35 112 25 95 22 56 43 59 67 61 3 23 79 59 53 101 59 52 36 45 91 82 98 75 39 61 26 19 73 87 53 33 84 61 46 126 50 114 55 85 50 86 41 41 16 66 54 88 68 55 53 40 64 37 9 14 74 29 28 64 84 60 90 29 
66 77 16 64 18 82 68 25 65 35 48 45 36 78 27 27 48 76 5 70 74 31 21 36 50 49 82 45 76 80 87 52 45 37 37 82 64 27 54 45 54 37 46 31 38 37 48 74 78 27 68 86 45 29 64 41 87 90 24 95 35 62 43 68 14 48 104 32 52 102 44 35 67 26 39 66 21 69 93 83 56 108 70 76 67 100 78 83 110 16 48 55 65 101 97 70 25 65 41 86 56 47 53 33 84 24 69 32 35 49 60 78 39 42 30 126 89 70 63 53 53 57 32 85 28 90 23 43 37 63 80 5 24 23 37 57 97 74 22 29 73 28 80 44 
8 30 61 136 59 38 115 100 116 105 78 103 73 9 47 101 57 149 70 69 4 104 94 40 115 113 116 104 120 29 42 25 31 101 109 8 54 101 93 97 22 109 40 64 41 37 84 27 101 100 143 12 95 56 39 34 131 21 55 27 108 27 111 6 60 83 32 46 95 36 56 49 108 86 62 11 55 78 34 119 42 118 4 112 8 26 42 64 37 90 27 29 95 32 24 123 85 57 54 21 116 106 127 103 18 88 6 48 99 117 63 6 113 81 69 128 39 144 73 114 71 108 63 12 46 70 80 117 92 63 45 69 91 66 36 17 65 3 58 91 97 90 111 44 
50 48 31 94 30 77 62 55 94 51 28 75 19 62 23 56 18 106 31 41 54 60 44 16 60 80 69 48 69 52 57 42 36 46 56 61 70 56 41 42 32 58 17 9 37 21 32 46 99 50 94 65 40 2 33 23 80 65 7 70 65 55 57 49 19 31 88 34 78 89 13 6 57 32 12 51 28 43 83 71 25 85 50 63 51 77 76 89 86 45 36 28 47 75 74 69 30 34 10 60 60 51 82 49 70 34 49 36 45 80 30 60 67 28 14 101 82 98 77 84 69 54 8 63 26 96 25 67 37 33 50 25 38 42 22 38 66 56 34 36 54 58 104 14 
3
12 16
10 19
131 30