216
6
229 323
133 223
342 488
409 542
264 412
146 238
477 638
374 499
267 413
141 319
137 293
460 626
348 517
138 247
254 431
199 322
351 521
261 400
369 484
243 387
370 538
394 489
276 440
427 561
168 319
425 571
148 241
84 198
424 589
224 349
397 526
206 333
366 466
203 305
428 546
301 421
175 288
341 470
80 196
439 542
191 323
226 389
377 538
109 206
275 430
74 224
237 349
160 336
165 262
241 342
60 187
292 423
419 579
466 623
439 559
474 586
143 253
110 211
175 291
424 515
347 514
235 357
343 492
91 216
310 483
384 505
108 245
284 438
414 512
130 227
261 376
108 257
80 252
367 516
193 291
433 596
75 187
144 259
64 164
382 476
350 481
366 467
191 349
275 435
138 278
100 278
174 329
112 218
304 414
174 347
282 454
313 416
404 551
219 374
467 582
93 202
85 195
63 171
389 522
202 324
241 358
446 577
426 554
354 500
112 254
108 283
330 486
175 326
427 561
182 310
139 235
316 422
403 537
338 504
401 514
353 449
362 464
125 215
462 587
212 369
306 404
475 582
268 425
67 161
328 418
322 466
227 370
399 506
342 455
95 251
387 557
112 251
388 532
335 475
188 354
261 374
258 401
462 606
62 181
388 553
119 213
230 405
235 340
463 594
449 558
66 163
123 249
476 597
456 631
320 458
391 503
171 340
432 582
242 384
141 241
214 358
63 175
62 206
130 252
145 249
263 423
285 419
268 447
277 370
114 218
310 476
215 326
384 497
278 420
132 224
132 307
234 404
251 426
118 226
335 509
275 404
408 507
92 192
258 360
383 484
418 591
256 420
103 256
438 532
337 457
172 287
122 291
231 340
183 291
424 589
474 642
358 486
80 173
230 367
409 543
333 431
152 301
256 373
120 276
225 389
140 289
130 235
235 342
345 436
449 608
309 404
211 336
252 361
405 510
326 484
238 413
444 570
452 587
131 273
368 516
412 518
0 1000
0 1000
0 1000
0 1000
0 1000
0 1000
4 4 4 4 4 4
216 216 216 216 216 216
49 119 31 62 120 101 
60 81 79 83 73 74 
45 77 65 69 70 66 
27 97 3 33 101 78 
73 2 101 75 13 21 
48 119 21 54 122 100 
107 65 126 93 80 67 
103 43 132 112 31 60 
36 35 64 44 38 18 
92 98 96 68 113 86 
43 111 15 40 116 92 
53 121 24 50 126 102 
14 67 33 11 72 47 
64 127 53 82 125 112 
67 116 69 89 110 104 
75 11 102 74 25 22 
99 44 128 110 31 59 
50 119 32 63 119 102 
46 26 73 47 35 7 
56 119 49 76 116 103 
95 26 122 93 35 42 
74 58 101 92 44 59 
21 86 29 43 85 69 
48 55 74 67 47 48 
76 45 97 64 60 40 
52 119 24 47 124 99 
42 52 60 28 63 35 
57 98 51 34 109 80 
11 60 40 27 62 41 
8 75 23 18 80 56 
101 30 129 101 35 49 
62 132 41 74 133 115 
67 48 86 53 62 38 
83 51 111 99 36 58 
102 41 127 96 52 52 
16 61 43 37 61 45 
34 79 37 10 88 60 
40 80 43 16 90 61 
16 77 33 39 77 60 
53 75 61 31 87 58 
41 112 15 48 115 94 
37 53 64 57 48 42 
32 103 13 43 105 84 
91 51 119 105 36 60 
50 109 31 35 116 89 
55 38 77 45 51 24 
18 71 40 41 70 55 
68 17 98 77 6 26 
109 43 138 116 35 62 
99 36 128 106 26 53 
70 15 99 77 3 26 
47 109 24 36 116 90 
50 29 75 46 41 13 
47 41 68 37 53 25 
70 114 58 49 125 96 
47 90 59 70 85 78 
100 33 129 106 26 52 
36 63 60 58 58 52 
8 72 31 32 74 55 
71 117 74 94 111 106 
89 70 114 107 55 74 
64 70 75 43 84 56 
45 99 33 26 107 79 
15 76 33 38 76 59 
48 25 75 48 34 6 
66 99 62 42 110 81 
3 72 29 27 74 54 
19 86 14 18 91 66 
136 68 162 132 73 84 
61 83 65 37 95 67 
69 21 98 78 9 29 
75 61 91 58 76 52 
72 5 99 72 20 19 
89 21 117 94 16 40 
76 22 105 85 7 34 
90 25 116 87 37 39 
58 128 36 69 128 110 
40 94 48 64 91 80 
30 70 51 53 67 57 
39 102 21 28 108 82 
30 40 59 40 43 24 
60 130 31 60 134 111 
30 84 27 11 92 65 
102 31 130 103 34 50 
97 41 121 89 55 49 
3 67 32 24 70 48 
60 24 85 55 38 16 
60 131 32 64 133 112 
53 23 82 63 20 19 
38 51 57 25 61 33 
106 131 99 82 145 117 
66 43 87 54 58 34 
111 43 140 116 37 62 
39 99 24 25 106 79 
55 126 30 63 128 108 
94 36 123 103 23 52 
83 22 112 90 9 38 
37 77 42 13 86 58 
59 92 58 35 103 75 
47 75 53 24 86 58 
14 56 43 26 60 37 
91 20 119 93 25 39 
76 89 95 99 78 84 
31 95 15 23 101 76 
16 83 27 38 83 65 
60 116 40 44 125 97 
128 58 157 132 54 78 
71 7 98 71 22 18 
78 8 107 82 12 28 
10 69 35 34 70 52 
54 26 80 50 39 13 
68 100 64 44 112 83 
51 19 79 55 25 5 
71 19 100 80 5 29 
38 101 17 28 108 82 
75 25 104 84 10 35 
49 98 57 73 93 85 
84 23 110 80 36 33 
17 84 15 18 89 65 
22 89 26 43 89 72 
74 13 101 72 28 22 
76 6 104 79 11 25 
9 63 38 30 65 45 
42 113 14 46 116 94 
44 29 70 44 37 9 
27 86 22 13 92 66 
68 12 95 66 27 16 
102 44 126 95 56 53 
93 130 82 71 142 114 
45 111 37 64 109 94 
74 6 102 78 9 24 
60 44 88 76 33 42 
25 83 23 10 90 64 
61 22 91 71 14 25 
28 97 5 28 101 77 
53 27 82 64 22 23 
53 122 24 52 127 103 
40 33 69 49 34 19 
26 81 26 8 88 62 
12 78 21 14 82 58 
62 127 49 78 125 111 
38 66 50 17 76 47 
42 112 23 54 113 94 
31 76 36 7 84 57 
64 18 93 73 10 24 
27 83 26 9 90 63 
76 137 65 94 134 122 
82 11 110 84 17 31 
29 98 3 30 103 79 
5 75 25 27 78 57 
18 76 25 7 83 57 
37 104 12 32 109 84 
14 57 43 30 59 40 
56 20 83 54 32 7 
81 25 110 90 11 39 
87 20 114 86 30 35 
30 83 29 9 90 63 
22 84 20 12 90 64 
68 82 74 45 95 67 
113 46 142 119 39 65 
13 65 34 13 70 45 
41 112 15 47 115 93 
34 96 18 23 103 77 
37 33 66 45 36 17 
89 28 118 96 15 44 
39 42 62 32 52 24 
3 73 25 21 77 54 
94 165 66 97 168 146 
12 69 30 11 75 50 
74 9 103 79 5 26 
47 115 20 42 120 95 
6 67 34 29 69 49 
51 30 80 63 25 25 
16 72 29 7 78 52 
55 24 85 66 19 22 
53 31 77 47 44 17 
28 97 5 29 102 78 
25 63 41 10 71 44 
49 22 76 51 30 3 
10 68 35 33 69 51 
76 20 105 84 5 33 
128 60 154 124 67 76 
61 20 90 70 13 22 
32 85 30 12 93 65 
89 55 117 104 40 63 
66 136 37 66 140 117 
59 11 87 62 20 8 
53 18 81 55 25 3 
90 23 116 87 34 37 
7 67 31 17 72 48 
23 58 44 15 65 38 
32 60 49 16 69 41 
41 69 51 19 80 51 
64 135 38 71 138 117 
119 50 147 123 45 69 
94 62 121 110 47 70 
63 8 91 67 14 14 
37 93 27 20 101 74 
34 96 19 23 103 77 
82 19 111 89 8 36 
78 19 107 86 5 33 
39 107 11 36 112 87 
43 39 66 36 50 21 
54 18 81 55 28 2 
40 111 14 47 114 93 
55 20 81 53 32 6 
67 3 95 69 15 15 
101 33 130 106 27 52 
45 115 16 46 119 96 
50 64 62 30 76 48 
58 45 78 45 59 33 
71 31 100 83 17 38 
70 101 66 46 113 85 
25 91 28 46 90 74 
73 12 102 79 2 26 
22 55 45 19 62 35 
49 60 45 27 73 48 107 103 36 92 43 53 14 64 67 75 99 50 46 56 95 74 21 48 76 52 42 57 11 8 101 62 67 83 102 16 34 40 16 53 41 37 32 91 50 55 18 68 109 99 70 47 50 47 70 47 100 36 8 71 89 64 45 15 48 66 3 19 136 61 69 75 72 89 76 90 58 40 30 39 30 60 30 102 97 3 60 60 53 38 106 66 111 39 55 94 83 37 59 47 14 91 76 31 16 60 128 71 78 10 54 68 51 71 38 75 49 84 17 22 74 76 9 42 44 27 68 102 93 45 74 60 25 61 28 53 53 40 26 12 62 38 42 31 64 27 76 82 29 5 18 37 14 56 81 87 30 22 68 113 13 41 34 37 89 39 3 94 12 74 47 6 51 16 55 53 28 25 49 10 76 128 61 32 89 66 59 53 90 7 23 32 41 64 119 94 63 37 34 82 78 39 43 54 40 55 67 101 45 50 58 71 70 25 73 22 
119 81 77 97 2 119 65 43 35 98 111 121 67 127 116 11 44 119 26 119 26 58 86 55 45 119 52 98 60 75 30 132 48 51 41 61 79 80 77 75 112 53 103 51 109 38 71 17 43 36 15 109 29 41 114 90 33 63 72 117 70 70 99 76 25 99 72 86 68 83 21 61 5 21 22 25 128 94 70 102 40 130 84 31 41 67 24 131 23 51 131 43 43 99 126 36 22 77 92 75 56 20 89 95 83 116 58 7 8 69 26 100 19 19 101 25 98 23 84 89 13 6 63 113 29 86 12 44 130 111 6 44 83 22 97 27 122 33 81 78 127 66 112 76 18 83 137 11 98 75 76 104 57 20 25 20 83 84 82 46 65 112 96 33 28 42 73 165 69 9 115 67 30 72 24 31 97 63 22 68 20 60 20 85 55 136 11 18 23 67 58 60 69 135 50 62 8 93 96 19 19 107 39 18 111 20 3 33 115 64 45 31 101 91 12 55 
31 79 65 3 101 21 126 132 64 96 15 24 33 53 69 102 128 32 73 49 122 101 29 74 97 24 60 51 40 23 129 41 86 111 127 43 37 43 33 61 15 64 13 119 31 77 40 98 138 128 99 24 75 68 58 59 129 60 31 74 114 75 33 33 75 62 29 14 162 65 98 91 99 117 105 116 36 48 51 21 59 31 27 130 121 32 85 32 82 57 99 87 140 24 30 123 112 42 58 53 43 119 95 15 27 40 157 98 107 35 80 64 79 100 17 104 57 110 15 26 101 104 38 14 70 22 95 126 82 37 102 88 23 91 5 82 24 69 26 21 49 50 23 36 93 26 65 110 3 25 25 12 43 83 110 114 29 20 74 142 34 15 18 66 118 62 25 66 30 103 20 34 80 29 85 77 5 41 76 35 105 154 90 30 117 37 87 81 116 31 44 49 51 38 147 121 91 27 19 111 107 11 66 81 14 81 95 130 16 62 78 100 66 28 102 45 
62 83 69 33 75 54 93 112 44 68 40 50 11 82 89 74 110 63 47 76 93 92 43 67 64 47 28 34 27 18 101 74 53 99 96 37 10 16 39 31 48 57 43 105 35 45 41 77 116 106 77 36 46 37 49 70 106 58 32 94 107 43 26 38 48 42 27 18 132 37 78 58 72 94 85 87 69 64 53 28 40 60 11 103 89 24 55 64 63 25 82 54 116 25 63 103 90 13 35 24 26 93 99 23 38 44 132 71 82 34 50 44 55 80 28 84 73 80 18 43 72 79 30 46 44 13 66 95 71 64 78 76 10 71 28 64 52 49 8 14 78 17 54 7 73 9 94 84 30 27 7 32 30 54 90 86 9 12 45 119 13 47 23 45 96 32 21 97 11 79 42 29 63 7 66 47 29 10 51 33 84 124 70 12 104 66 62 55 87 17 15 16 19 71 123 110 67 20 23 89 86 36 36 55 47 53 69 106 46 30 45 83 46 46 79 19 
120 73 70 101 13 122 80 31 38 113 116 126 72 125 110 25 31 119 35 116 35 44 85 47 60 124 63 109 62 80 35 133 62 36 52 61 88 90 77 87 115 48 105 36 116 51 70 6 35 26 3 116 41 53 125 85 26 58 74 111 55 84 107 76 34 110 74 91 73 95 9 76 20 16 7 37 128 91 67 108 43 134 92 34 55 70 38 133 20 61 145 58 37 106 128 23 9 86 103 86 60 25 78 101 83 125 54 22 12 70 39 112 25 5 108 10 93 36 89 89 28 11 65 116 37 92 27 56 142 109 9 33 90 14 101 22 127 34 88 82 125 76 113 84 10 90 134 17 103 78 83 109 59 32 11 30 90 90 95 39 70 115 103 36 15 52 77 168 75 5 120 69 25 78 19 44 102 71 30 69 5 67 13 93 40 140 20 25 34 72 65 69 80 138 45 47 14 101 103 8 5 112 50 28 114 32 15 27 119 76 59 17 113 90 2 62 
101 74 66 78 21 100 67 60 18 86 92 102 47 112 104 22 59 102 7 103 42 59 69 48 40 99 35 80 41 56 49 115 38 58 52 45 60 61 60 58 94 42 84 60 89 24 55 26 62 53 26 90 13 25 96 78 52 52 55 106 74 56 79 59 6 81 54 66 84 67 29 52 19 40 34 39 110 80 57 82 24 111 65 50 49 48 16 112 19 33 117 34 62 79 108 52 38 58 75 58 37 39 84 76 65 97 78 18 28 52 13 83 5 29 82 35 85 33 65 72 22 25 45 94 9 66 16 53 114 94 24 42 64 25 77 23 103 19 62 58 111 47 94 57 24 63 122 31 79 57 57 84 40 7 39 35 63 64 67 65 45 93 77 17 44 24 54 146 50 26 95 49 25 52 22 17 78 44 3 51 33 76 22 65 63 117 8 3 37 48 38 41 51 117 69 70 14 74 77 36 33 87 21 2 93 6 15 52 96 48 33 38 85 74 26 35 
3
120 1
10 19
131 30