288
6
241 338
136 290
208 382
167 322
369 493
322 426
145 319
240 410
81 199
395 527
303 442
394 488
237 332
201 344
142 249
128 266
204 298
272 415
263 370
258 434
118 224
400 548
127 247
101 199
362 524
469 639
137 255
274 427
368 514
182 291
93 193
195 308
90 226
209 376
324 433
355 484
373 475
132 301
464 612
134 280
128 259
329 473
473 563
390 495
376 484
226 386
151 262
328 470
476 572
83 240
477 604
403 547
383 557
400 529
69 185
347 447
133 300
236 346
209 366
287 377
316 492
291 444
353 459
344 502
194 307
281 393
108 259
386 485
172 285
236 378
99 201
367 493
228 365
281 380
65 172
389 565
180 275
163 265
458 555
100 210
112 255
181 276
430 554
330 494
117 272
179 298
175 314
280 418
195 371
386 500
65 192
321 414
311 455
298 471
368 504
333 482
190 330
245 388
282 402
297 465
110 284
182 305
63 183
212 373
173 320
301 437
379 557
165 294
149 302
140 289
132 270
137 311
323 469
351 529
323 487
390 530
398 531
443 548
93 253
329 480
235 414
445 563
61 233
464 607
327 452
223 369
362 512
328 433
341 448
202 298
101 248
331 457
321 491
151 320
319 467
414 585
386 516
227 398
408 562
120 223
155 308
72 238
135 305
80 231
428 579
170 299
145 324
303 409
414 564
425 548
100 204
292 418
150 272
145 252
344 465
173 349
133 280
299 394
352 502
287 378
282 410
461 584
289 431
105 272
308 426
112 222
200 290
247 366
240 338
106 270
194 307
446 545
279 382
87 241
378 552
201 374
377 536
264 432
94 237
419 564
405 517
410 569
265 386
180 273
467 641
269 375
430 550
377 547
123 229
128 305
142 239
375 501
280 371
283 433
102 251
284 452
204 374
245 338
88 252
454 556
156 264
198 319
408 585
287 452
392 537
103 259
140 317
141 288
331 458
209 318
161 330
459 572
399 547
473 631
446 583
211 339
246 347
131 232
467 646
113 264
65 184
362 506
169 343
130 224
387 497
401 551
263 428
63 208
355 522
100 228
159 251
310 484
348 521
131 224
252 405
255 379
156 261
246 419
172 333
172 287
239 385
209 380
124 265
353 444
214 379
60 169
291 412
393 565
431 592
94 212
391 562
309 409
354 527
183 337
237 398
137 243
451 614
74 212
446 589
107 263
472 641
276 368
373 465
139 303
397 567
163 337
398 562
333 447
281 406
433 592
176 327
354 519
262 435
263 432
394 565
241 357
300 413
83 217
78 168
107 228
82 203
312 453
350 457
423 554
336 452
244 383
363 514
353 489
0 1000
0 1000
0 1000
0 1000
0 1000
0 1000
5 5 5 5 5 5
288 288 288 288 288 288
54 65 14 37 11 72 
60 69 19 36 5 76 
104 99 78 41 59 104 
72 49 100 85 113 44 
102 101 71 42 49 107 
65 75 24 39 4 82 
74 88 33 58 23 95 
77 68 61 18 52 73 
30 10 65 67 83 3 
29 6 57 56 73 9 
66 88 48 90 62 94 
82 82 50 25 29 88 
22 41 20 54 45 47 
8 21 50 69 73 23 
65 86 42 83 54 92 
65 77 23 46 11 84 
35 15 56 49 70 17 
50 31 64 45 73 32 
61 49 102 106 122 42 
43 52 9 32 21 59 
55 66 13 41 13 73 
46 25 62 47 73 27 
25 45 21 58 46 51 
25 46 51 83 76 49 
59 53 45 7 41 59 
22 44 30 65 55 50 
78 86 38 40 13 93 
43 51 11 30 22 58 
43 56 2 42 23 64 
25 47 51 83 76 50 
82 75 62 20 49 80 
48 32 57 36 64 35 
69 83 100 131 125 82 
47 56 9 34 17 64 
27 30 25 35 42 38 
33 54 27 67 51 60 
75 54 84 54 88 55 
78 86 37 44 13 94 
62 83 41 83 55 89 
6 21 37 56 60 27 
107 113 68 60 43 120 
48 58 8 35 16 65 
43 53 5 37 22 61 
81 91 39 50 18 98 
92 92 60 34 38 99 
59 64 24 24 11 71 
6 29 37 63 62 34 
33 17 71 75 90 10 
41 46 17 27 26 53 
18 36 55 81 80 38 
16 26 28 46 49 33 
12 35 33 62 58 40 
80 102 87 129 108 105 
10 16 51 67 73 19 
22 44 33 68 58 49 
83 97 42 63 28 104 
54 77 54 96 75 82 
78 96 100 137 125 96 
75 90 35 63 28 97 
60 41 95 91 112 34 
67 66 39 12 25 73 
4 18 44 62 66 23 
117 121 78 65 53 127 
18 36 53 80 78 38 
21 14 61 72 82 12 
58 57 34 7 28 63 
52 74 67 105 91 77 
83 96 42 62 28 103 
31 42 12 39 33 49 
46 47 87 104 111 43 
76 88 34 54 19 95 
70 80 29 43 8 87 
83 83 51 25 31 89 
157 172 117 137 104 179 
24 7 60 66 79 4 
62 64 32 15 19 71 
25 15 65 74 86 11 
102 108 63 55 38 115 
66 73 27 32 3 80 
6 28 43 67 67 32 
119 134 79 97 64 141 
73 89 100 133 124 89 
11 32 32 60 56 38 
33 11 66 66 84 5 
81 58 100 76 108 56 
24 27 29 37 46 34 
33 46 8 42 32 53 
80 90 38 51 18 97 
96 114 60 90 55 121 
88 92 50 40 25 99 
54 73 24 66 38 79 
48 30 59 40 68 33 
34 11 64 60 80 9 
29 43 12 45 36 50 
23 44 50 82 75 47 
37 60 38 78 61 65 
58 54 40 4 35 60 
11 12 43 55 63 19 
133 138 93 84 68 145 
24 12 45 46 62 18 
84 97 43 65 30 105 
145 154 103 104 81 161 
23 19 64 76 85 16 
26 48 43 78 68 52 
99 115 61 87 52 122 
41 56 5 48 28 63 
94 113 113 151 136 114 
25 17 41 41 57 24 
63 65 31 17 17 72 
84 90 45 41 20 97 
114 121 73 71 49 128 
26 3 58 61 76 3 
46 57 82 108 107 56 
58 51 45 9 42 57 
67 71 32 23 13 78 
65 51 105 107 124 44 
67 46 83 59 90 45 
20 2 52 57 70 9 
42 39 31 20 37 46 
125 122 94 63 72 127 
97 107 55 64 34 115 
15 9 45 53 64 16 
15 16 56 70 78 17 
51 41 48 21 51 46 
121 113 98 59 79 117 
28 27 31 34 46 34 
66 62 43 4 33 69 
76 80 39 30 15 87 
38 20 54 43 66 24 
52 73 33 75 50 79 
57 61 23 22 14 68 
138 146 96 95 73 153 
81 81 49 24 28 88 
46 55 10 33 18 62 
40 52 76 103 101 51 
97 92 71 34 53 98 
91 89 60 31 39 96 
23 26 65 81 88 24 
40 55 6 48 29 62 
71 54 72 38 73 56 
42 52 6 36 22 60 
38 57 19 61 42 64 
48 26 70 56 81 25 
43 20 73 68 89 15 
46 59 4 44 22 66 
15 36 29 59 54 42 
38 58 21 63 44 64 
101 113 60 73 41 120 
76 55 86 57 90 55 
99 113 58 81 47 120 
49 59 10 34 15 66 
71 76 34 29 11 83 
43 37 38 21 44 43 
29 51 27 66 52 57 
72 83 30 47 12 90 
61 78 25 63 33 85 
33 12 56 51 71 15 
71 76 33 30 10 83 
70 68 43 11 29 75 
20 2 52 57 71 9 
22 37 19 48 43 44 
88 110 68 109 78 115 
70 63 52 9 43 69 
14 36 33 64 58 42 
65 42 91 76 103 37 
46 26 62 46 73 27 
138 125 121 79 106 128 
70 57 63 25 60 61 
92 102 50 60 29 109 
44 61 12 54 31 68 
39 18 73 72 90 11 
81 79 51 21 33 86 
47 24 75 65 89 21 
80 97 43 76 41 104 
15 23 57 75 80 23 
87 70 86 48 83 72 
40 17 68 61 83 14 
48 67 20 62 37 73 
23 9 47 49 64 16 
39 37 29 23 38 44 
54 55 28 14 24 62 
92 74 129 125 147 67 
135 130 106 72 83 136 
24 14 64 73 85 11 
68 73 31 27 10 80 
84 81 57 22 39 87 
33 54 58 92 83 57 
63 40 92 80 106 35 
34 26 75 85 96 20 
49 27 72 58 83 25 
54 74 30 72 45 80 
45 24 63 49 74 25 
40 17 67 60 82 14 
114 112 82 53 60 118 
60 71 95 123 121 69 
61 81 33 74 45 87 
29 51 53 87 78 54 
110 107 80 49 58 113 
41 58 10 53 32 65 
72 89 35 68 34 96 
48 30 62 43 70 32 
65 67 35 15 20 74 
78 84 39 35 14 91 
65 87 48 91 63 93 
42 46 19 24 26 54 
8 24 49 70 73 27 
37 14 66 62 82 10 
61 73 19 46 14 80 
62 46 101 101 120 39 
79 96 102 138 126 97 
50 69 23 65 39 75 
49 67 19 61 36 74 
57 48 48 14 47 53 
76 71 53 13 40 77 
67 83 28 61 28 90 
83 75 64 22 52 80 
55 77 68 108 92 80 
74 70 50 11 36 76 
56 49 42 9 41 55 
73 95 52 94 64 100 
62 62 36 9 26 68 
67 80 25 53 18 87 
80 57 101 79 110 53 
81 102 57 97 66 108 
72 58 67 28 63 62 
50 44 39 13 40 51 
91 87 65 29 46 93 
83 74 68 25 58 78 
30 41 70 93 94 40 
97 103 57 53 32 110 
95 88 73 33 57 93 
46 51 18 24 22 58 
27 6 53 53 70 11 
42 65 55 93 79 68 
21 32 61 83 85 32 
32 54 33 72 57 59 
97 108 55 67 35 115 
41 29 81 88 102 23 
73 96 57 100 72 101 
33 54 25 65 48 60 
59 79 35 76 48 86 
74 86 32 53 18 93 
86 91 47 40 22 98 
14 12 42 52 62 19 
75 96 51 92 61 102 
1 22 42 63 66 27 
71 64 53 11 45 69 
60 70 18 40 8 77 
34 37 23 29 36 44 
113 127 72 93 59 134 
39 19 60 49 72 20 
116 111 89 53 68 116 
77 79 42 25 21 86 
58 80 43 86 60 86 
136 151 96 114 81 158 
79 100 90 130 112 102 
63 58 44 2 37 64 
59 68 19 35 5 76 
42 39 33 20 39 46 
31 9 63 63 81 4 
48 26 67 52 78 26 
36 51 7 47 32 58 
15 7 47 56 67 14 
51 44 41 14 42 50 
22 4 57 62 76 4 
31 16 69 75 89 10 
57 54 37 5 33 60 
19 31 23 45 45 38 
59 47 55 22 56 51 
90 83 70 29 56 88 
73 73 43 16 26 79 
54 76 66 105 90 79 
92 88 66 29 47 93 
31 13 51 46 66 18 
38 49 7 36 26 56 
19 15 40 46 57 22 
38 19 54 43 66 23 
56 41 95 97 115 34 
37 22 76 80 95 16 
32 35 74 91 97 32 
37 26 77 84 98 20 
82 100 48 83 49 107 
73 72 45 14 29 78 
57 48 49 15 48 53 
72 90 38 75 42 97 
63 77 22 52 18 84 
78 62 78 41 76 64 
15 34 26 55 51 40 
54 60 104 72 102 65 74 77 30 29 66 82 22 8 65 65 35 50 61 43 55 46 25 25 59 22 78 43 43 25 82 48 69 47 27 33 75 78 62 6 107 48 43 81 92 59 6 33 41 18 16 12 80 10 22 83 54 78 75 60 67 4 117 18 21 58 52 83 31 46 76 70 83 157 24 62 25 102 66 6 119 73 11 33 81 24 33 80 96 88 54 48 34 29 23 37 58 11 133 24 84 145 23 26 99 41 94 25 63 84 114 26 46 58 67 65 67 20 42 125 97 15 15 51 121 28 66 76 38 52 57 138 81 46 40 97 91 23 40 71 42 38 48 43 46 15 38 101 76 99 49 71 43 29 72 61 33 71 70 20 22 88 70 14 65 46 138 70 92 44 39 81 47 80 15 87 40 48 23 39 54 92 135 24 68 84 33 63 34 49 54 45 40 114 60 61 29 110 41 72 48 65 78 65 42 8 37 61 62 79 50 49 57 76 67 83 55 74 56 73 62 67 80 81 72 50 91 83 30 97 95 46 27 42 21 32 97 41 73 33 59 74 86 14 75 1 71 60 34 113 39 116 77 58 136 79 63 59 42 31 48 36 15 51 22 31 57 19 59 90 73 54 92 31 38 19 38 56 37 32 37 82 73 57 72 63 78 15 
65 69 99 49 101 75 88 68 10 6 88 82 41 21 86 77 15 31 49 52 66 25 45 46 53 44 86 51 56 47 75 32 83 56 30 54 54 86 83 21 113 58 53 91 92 64 29 17 46 36 26 35 102 16 44 97 77 96 90 41 66 18 121 36 14 57 74 96 42 47 88 80 83 172 7 64 15 108 73 28 134 89 32 11 58 27 46 90 114 92 73 30 11 43 44 60 54 12 138 12 97 154 19 48 115 56 113 17 65 90 121 3 57 51 71 51 46 2 39 122 107 9 16 41 113 27 62 80 20 73 61 146 81 55 52 92 89 26 55 54 52 57 26 20 59 36 58 113 55 113 59 76 37 51 83 78 12 76 68 2 37 110 63 36 42 26 125 57 102 61 18 79 24 97 23 70 17 67 9 37 55 74 130 14 73 81 54 40 26 27 74 24 17 112 71 81 51 107 58 89 30 67 84 87 46 24 14 73 46 96 69 67 48 71 83 75 77 70 49 95 62 80 57 102 58 44 87 74 41 103 88 51 6 65 32 54 108 29 96 54 79 86 91 12 96 22 64 70 37 127 19 111 79 80 151 100 58 68 39 9 26 51 7 44 4 16 54 31 47 83 73 76 88 13 49 15 19 41 22 35 26 100 72 48 90 77 62 34 
14 19 78 100 71 24 33 61 65 57 48 50 20 50 42 23 56 64 102 9 13 62 21 51 45 30 38 11 2 51 62 57 100 9 25 27 84 37 41 37 68 8 5 39 60 24 37 71 17 55 28 33 87 51 33 42 54 100 35 95 39 44 78 53 61 34 67 42 12 87 34 29 51 117 60 32 65 63 27 43 79 100 32 66 100 29 8 38 60 50 24 59 64 12 50 38 40 43 93 45 43 103 64 43 61 5 113 41 31 45 73 58 82 45 32 105 83 52 31 94 55 45 56 48 98 31 43 39 54 33 23 96 49 10 76 71 60 65 6 72 6 19 70 73 4 29 21 60 86 58 10 34 38 27 30 25 56 33 43 52 19 68 52 33 91 62 121 63 50 12 73 51 75 43 57 86 68 20 47 29 28 129 106 64 31 57 58 92 75 72 30 63 67 82 95 33 53 80 10 35 62 35 39 48 19 49 66 19 101 102 23 19 48 53 28 64 68 50 42 52 36 25 101 57 67 39 65 68 70 57 73 18 53 55 61 33 55 81 57 25 35 32 47 42 51 42 53 18 23 72 60 89 42 43 96 90 44 19 33 63 67 7 47 41 57 69 37 23 55 70 43 66 66 51 7 40 54 95 76 74 77 48 45 49 38 22 78 26 
37 36 41 85 42 39 58 18 67 56 90 25 54 69 83 46 49 45 106 32 41 47 58 83 7 65 40 30 42 83 20 36 131 34 35 67 54 44 83 56 60 35 37 50 34 24 63 75 27 81 46 62 129 67 68 63 96 137 63 91 12 62 65 80 72 7 105 62 39 104 54 43 25 137 66 15 74 55 32 67 97 133 60 66 76 37 42 51 90 40 66 40 60 45 82 78 4 55 84 46 65 104 76 78 87 48 151 41 17 41 71 61 108 9 23 107 59 57 20 63 64 53 70 21 59 34 4 30 43 75 22 95 24 33 103 34 31 81 48 38 36 61 56 68 44 59 63 73 57 81 34 29 21 66 47 63 51 30 11 57 48 109 9 64 76 46 79 25 60 54 72 21 65 76 75 48 61 62 49 23 14 125 72 73 27 22 92 80 85 58 72 49 60 53 123 74 87 49 53 68 43 15 35 91 24 70 62 46 101 138 65 61 14 13 61 22 108 11 9 94 9 53 79 97 28 13 29 25 93 53 33 24 53 93 83 72 67 88 100 65 76 53 40 52 92 63 11 40 29 93 49 53 25 86 114 130 2 35 20 63 52 47 56 14 62 75 5 45 22 29 16 105 29 46 36 46 43 97 80 91 84 83 14 15 75 52 41 55 
11 5 59 113 49 4 23 52 83 73 62 29 45 73 54 11 70 73 122 21 13 73 46 76 41 55 13 22 23 76 49 64 125 17 42 51 88 13 55 60 43 16 22 18 38 11 62 90 26 80 49 58 108 73 58 28 75 125 28 112 25 66 53 78 82 28 91 28 33 111 19 8 31 104 79 19 86 38 3 67 64 124 56 84 108 46 32 18 55 25 38 68 80 36 75 61 35 63 68 62 30 81 85 68 52 28 136 57 17 20 49 76 107 42 13 124 90 70 37 72 34 64 78 51 79 46 33 15 66 50 14 73 28 18 101 53 39 88 29 73 22 42 81 89 22 54 44 41 90 47 15 11 44 52 12 33 71 10 29 71 43 78 43 58 103 73 106 60 29 31 90 33 89 41 80 83 83 37 64 38 24 147 83 85 10 39 83 106 96 83 45 74 82 60 121 45 78 58 32 34 70 20 14 63 26 73 82 14 120 126 39 36 47 40 28 52 92 36 41 64 26 18 110 66 63 40 46 58 94 32 57 22 70 79 85 57 35 102 72 48 48 18 22 62 61 66 45 8 36 59 72 68 21 60 81 112 37 5 39 81 78 32 67 42 76 89 33 45 56 56 26 90 47 66 26 57 66 115 95 97 98 49 29 48 42 18 76 51 
72 76 104 44 107 82 95 73 3 9 94 88 47 23 92 84 17 32 42 59 73 27 51 49 59 50 93 58 64 50 80 35 82 64 38 60 55 94 89 27 120 65 61 98 99 71 34 10 53 38 33 40 105 19 49 104 82 96 97 34 73 23 127 38 12 63 77 103 49 43 95 87 89 179 4 71 11 115 80 32 141 89 38 5 56 34 53 97 121 99 79 33 9 50 47 65 60 19 145 18 105 161 16 52 122 63 114 24 72 97 128 3 56 57 78 44 45 9 46 127 115 16 17 46 117 34 69 87 24 79 68 153 88 62 51 98 96 24 62 56 60 64 25 15 66 42 64 120 55 120 66 83 43 57 90 85 15 83 75 9 44 115 69 42 37 27 128 61 109 68 11 86 21 104 23 72 14 73 16 44 62 67 136 11 80 87 57 35 20 25 80 25 14 118 69 87 54 113 65 96 32 74 91 93 54 27 10 80 39 97 75 74 53 77 90 80 80 76 55 100 68 87 53 108 62 51 93 78 40 110 93 58 11 68 32 59 115 23 101 60 86 93 98 19 102 27 69 77 44 134 20 116 86 86 158 102 64 76 46 4 26 58 14 50 4 10 60 38 51 88 79 79 93 18 56 22 23 34 16 32 20 107 78 53 97 84 64 40 
3
120 1
10 19
131 30