144
4
204 515
203 424
169 352
108 433
235 447
296 573
268 566
221 401
190 374
290 490
225 502
196 434
101 319
139 386
251 592
256 572
277 488
169 436
123 364
208 419
172 434
213 428
200 502
122 450
115 431
156 350
258 460
263 498
120 349
215 418
200 538
274 602
109 377
221 535
274 465
246 583
113 348
80 276
285 472
81 309
187 466
196 521
230 436
261 546
70 408
192 397
170 479
193 540
249 431
231 487
89 374
117 316
108 356
157 499
182 517
111 325
138 346
279 638
172 383
261 515
269 560
208 548
266 482
81 344
93 437
66 338
164 462
68 278
258 474
219 562
200 488
99 373
234 444
265 615
288 491
207 407
125 470
152 410
284 546
121 465
294 511
62 351
72 319
217 475
239 439
271 626
105 294
280 514
72 256
249 527
237 465
153 357
298 487
147 407
195 547
126 461
117 433
71 412
274 482
78 329
257 493
71 351
73 319
285 583
262 443
79 308
87 304
269 627
62 267
66 278
141 414
262 620
76 303
176 383
206 529
234 526
93 424
92 400
212 397
97 422
268 491
72 291
79 419
115 351
182 387
259 525
198 432
88 278
262 492
211 527
197 450
182 501
298 582
76 271
83 421
290 482
85 390
61 247
148 438
84 408
278 614
104 427
132 459
236 582
0 1000
0 1000
0 1000
0 1000
3 3 3 3
144 144 144 144
15 79 66 59 
78 108 12 52 
16 74 79 65 
65 9 92 50 
26 54 49 23 
65 9 91 49 
90 94 40 44 
78 15 113 71 
121 152 56 95 
33 62 99 75 
13 63 53 37 
33 44 93 63 
23 87 66 64 
18 69 84 67 
41 64 34 13 
55 51 49 9 
4 65 69 53 
56 46 55 14 
49 28 101 65 
66 120 40 72 
61 62 42 11 
53 40 59 17 
55 82 15 27 
56 12 98 58 
60 34 68 26 
8 72 65 54 
50 114 66 81 
27 61 43 23 
80 67 55 31 
124 122 70 78 
56 112 42 67 
65 87 15 30 
75 49 67 31 
92 38 135 94 
21 63 46 30 
131 73 171 129 
55 8 92 52 
63 112 28 61 
3 67 63 49 
48 104 103 97 
38 66 33 17 
55 101 21 50 
48 51 47 4 
61 105 17 52 
6 58 69 49 
51 20 77 36 
110 149 51 93 
74 101 10 44 
137 85 129 97 
54 65 119 92 
55 12 85 44 
45 92 107 94 
85 77 51 36 
94 47 95 57 
125 64 135 96 
81 19 117 75 
143 86 184 142 
53 32 66 24 
87 68 64 39 
92 135 38 80 
111 53 151 109 
3 67 67 52 
41 57 41 8 
88 113 22 57 
72 55 59 25 
71 72 38 22 
114 50 141 99 
59 28 73 31 
59 120 102 104 
58 17 103 64 
10 71 57 47 
68 58 130 97 
17 63 84 63 
57 49 117 85 
75 12 101 59 
114 81 92 67 
113 128 49 75 
26 37 75 42 
57 23 106 68 
14 71 79 64 
60 82 17 26 
87 72 59 38 
81 23 121 79 
51 72 25 16 
131 67 160 118 
57 59 43 8 
10 54 71 48 
43 88 106 92 
124 162 64 106 
85 87 42 38 
5 59 69 48 
47 59 38 4 
83 57 70 38 
71 98 7 42 
13 78 63 56 
66 77 28 22 
81 104 17 48 
121 68 118 83 
52 86 13 32 
79 55 137 101 
76 28 122 82 
72 98 9 42 
67 126 55 82 
48 50 48 6 
73 22 117 77 
53 68 30 12 
10 55 61 39 
42 23 77 38 
9 55 63 41 
45 110 79 85 
106 49 147 105 
37 47 98 68 
82 124 27 69 
55 118 66 83 
77 23 120 79 
126 88 105 80 
70 6 103 61 
46 92 24 44 
52 114 91 95 
89 50 84 48 
34 83 97 83 
57 82 16 26 
59 44 58 17 
68 104 7 49 
89 28 127 85 
78 38 82 43 
31 75 97 79 
63 43 63 22 
11 57 76 54 
55 87 11 32 
109 143 45 86 
19 83 71 65 
9 61 75 55 
91 103 34 50 
65 13 107 66 
92 134 36 79 
92 119 26 62 
62 77 24 21 
16 80 73 64 
122 159 61 103 
53 45 112 79 
86 120 22 63 
42 64 33 12 
42 85 24 36 
15 78 16 65 26 65 90 78 121 33 13 33 23 18 41 55 4 56 49 66 61 53 55 56 60 8 50 27 80 124 56 65 75 92 21 131 55 63 3 48 38 55 48 61 6 51 110 74 137 54 55 45 85 94 125 81 143 53 87 92 111 3 41 88 72 71 114 59 59 58 10 68 17 57 75 114 113 26 57 14 60 87 81 51 131 57 10 43 124 85 5 47 83 71 13 66 81 121 52 79 76 72 67 48 73 53 10 42 9 45 106 37 82 55 77 126 70 46 52 89 34 57 59 68 89 78 31 63 11 55 109 19 9 91 65 92 92 62 16 122 53 86 42 42 
79 108 74 9 54 9 94 15 152 62 63 44 87 69 64 51 65 46 28 120 62 40 82 12 34 72 114 61 67 122 112 87 49 38 63 73 8 112 67 104 66 101 51 105 58 20 149 101 85 65 12 92 77 47 64 19 86 32 68 135 53 67 57 113 55 72 50 28 120 17 71 58 63 49 12 81 128 37 23 71 82 72 23 72 67 59 54 88 162 87 59 59 57 98 78 77 104 68 86 55 28 98 126 50 22 68 55 23 55 110 49 47 124 118 23 88 6 92 114 50 83 82 44 104 28 38 75 43 57 87 143 83 61 103 13 134 119 77 80 159 45 120 64 85 
66 12 79 92 49 91 40 113 56 99 53 93 66 84 34 49 69 55 101 40 42 59 15 98 68 65 66 43 55 70 42 15 67 135 46 171 92 28 63 103 33 21 47 17 69 77 51 10 129 119 85 107 51 95 135 117 184 66 64 38 151 67 41 22 59 38 141 73 102 103 57 130 84 117 101 92 49 75 106 79 17 59 121 25 160 43 71 106 64 42 69 38 70 7 63 28 17 118 13 137 122 9 55 48 117 30 61 77 63 79 147 98 27 66 120 105 103 24 91 84 97 16 58 7 127 82 97 63 76 11 45 71 75 34 107 36 26 24 73 61 112 22 33 24 
59 52 65 50 23 49 44 71 95 75 37 63 64 67 13 9 53 14 65 72 11 17 27 58 26 54 81 23 31 78 67 30 31 94 30 129 52 61 49 97 17 50 4 52 49 36 93 44 97 92 44 94 36 57 96 75 142 24 39 80 109 52 8 57 25 22 99 31 104 64 47 97 63 85 59 67 75 42 68 64 26 38 79 16 118 8 48 92 106 38 48 4 38 42 56 22 48 83 32 101 82 42 82 6 77 12 39 38 41 85 105 68 69 83 79 80 61 44 95 48 83 26 17 49 85 43 79 22 54 32 86 65 55 50 66 79 62 21 64 103 79 63 12 36 
3
120 1
10 19
13 30