720
4
80 250
148 294
119 219
440 587
347 493
354 448
62 225
190 316
427 550
427 563
431 576
473 630
235 393
455 580
94 263
227 384
73 249
443 583
93 229
396 566
189 285
297 463
334 475
195 329
302 429
387 559
368 517
333 453
353 483
189 321
145 300
462 607
292 471
239 374
435 579
278 420
126 265
399 505
216 356
290 453
319 435
121 222
174 296
157 322
315 409
472 584
140 278
470 615
101 260
98 203
346 473
336 466
62 214
295 472
442 583
92 240
129 298
299 416
265 373
144 289
150 308
91 249
388 500
245 341
157 258
170 335
220 376
362 479
295 442
419 536
421 579
411 526
195 353
240 364
422 555
114 245
274 388
283 449
451 628
340 465
126 295
72 188
344 520
325 424
337 435
142 234
438 544
169 295
407 530
288 427
63 163
186 313
314 492
428 543
252 342
209 329
249 366
250 384
122 246
432 552
133 230
454 558
93 204
83 255
464 623
231 360
86 230
236 344
266 374
67 195
466 592
94 255
94 247
461 579
154 317
227 350
243 348
189 291
265 363
203 320
382 516
339 489
201 339
217 328
323 421
134 281
207 354
61 163
261 352
149 240
100 211
470 648
305 410
389 540
270 378
390 486
184 323
214 336
473 574
424 575
159 332
403 502
87 267
431 524
310 456
170 311
263 366
424 571
157 266
90 195
240 364
408 542
131 310
142 312
128 268
113 278
270 446
359 532
351 446
280 386
133 237
233 404
340 462
350 460
378 471
369 483
282 382
339 452
358 507
246 338
96 211
239 374
346 511
194 371
260 413
230 369
103 251
454 613
75 225
325 468
231 358
212 326
347 474
170 274
333 484
274 400
225 323
444 615
450 630
327 464
155 248
451 626
474 623
216 348
434 534
390 511
452 597
165 257
166 256
177 318
434 536
155 289
457 616
91 250
83 262
173 328
394 547
259 373
378 468
250 347
330 504
327 447
308 448
194 361
436 543
153 263
249 345
90 195
133 307
259 431
477 596
169 317
464 643
121 258
121 260
467 637
142 261
125 239
416 516
170 316
133 246
353 465
172 312
247 362
317 476
281 399
402 566
431 562
410 583
219 340
162 332
244 358
153 285
176 269
255 409
335 440
133 265
428 586
197 351
428 602
155 284
304 483
343 516
290 456
134 292
406 505
339 455
102 195
304 406
460 616
417 576
220 384
425 520
151 245
175 316
230 322
172 327
341 462
236 357
306 468
250 355
389 516
285 414
187 305
306 400
326 443
208 354
73 190
103 283
176 344
417 578
222 374
355 449
440 606
102 266
421 583
174 344
264 434
67 195
202 297
398 512
319 499
385 508
446 620
428 572
305 408
326 473
311 411
66 189
331 510
356 528
145 240
376 540
75 183
318 495
464 638
294 411
320 472
339 500
122 273
254 411
354 498
339 443
116 230
121 297
366 515
112 233
291 431
404 541
172 298
339 505
325 483
411 505
98 270
203 382
321 468
361 493
218 370
241 400
247 394
323 465
64 172
421 519
224 381
408 554
306 438
288 449
109 217
450 588
129 303
108 275
214 318
169 266
324 439
274 421
303 417
286 390
426 592
151 248
194 352
303 428
428 573
194 350
313 471
343 463
97 231
86 258
466 596
103 197
151 326
370 521
336 451
132 285
387 558
210 384
201 315
138 277
81 197
375 480
420 555
314 452
364 503
73 246
358 528
297 419
449 580
383 485
391 554
181 333
263 353
166 289
358 498
376 527
230 394
248 366
98 228
362 505
330 508
393 497
147 322
197 337
225 349
285 460
169 273
350 526
462 571
440 593
341 444
440 589
251 406
454 550
151 249
369 490
358 502
100 229
118 234
466 574
163 257
361 511
459 608
102 214
315 446
70 182
307 445
111 246
319 473
93 260
281 414
290 435
394 541
147 262
408 566
301 470
73 235
183 346
402 520
218 380
141 253
293 419
427 533
124 270
205 359
222 364
140 278
348 484
95 207
94 190
100 249
350 510
68 191
167 316
257 414
276 414
445 564
95 195
61 178
104 211
71 177
87 250
383 524
62 164
332 454
382 503
139 278
152 262
375 518
99 189
227 352
143 278
195 326
239 380
204 302
117 237
251 373
85 202
103 240
222 386
398 499
426 549
266 440
279 435
438 562
191 284
227 334
249 402
390 481
467 565
183 331
68 182
292 406
97 266
172 273
192 366
360 498
98 189
131 256
140 255
364 528
387 533
63 184
150 293
111 205
241 397
247 358
452 595
144 293
319 453
60 223
108 253
275 422
268 426
100 204
117 209
275 421
459 567
239 357
206 329
165 295
442 538
453 608
477 654
154 302
442 595
472 572
277 404
373 483
428 519
155 316
88 268
154 300
247 339
229 370
413 561
101 242
113 254
211 315
104 282
385 528
158 292
335 433
457 608
470 634
371 547
167 283
195 310
211 355
246 424
84 210
332 473
340 441
467 560
316 439
315 432
346 472
229 373
139 292
449 552
293 418
404 495
273 384
278 371
80 180
103 201
395 562
161 326
266 430
73 217
254 358
460 582
283 452
104 231
87 201
169 269
359 501
373 488
60 218
135 245
132 229
353 518
181 339
127 290
204 312
192 322
90 193
453 577
364 507
321 474
430 561
454 597
429 522
475 616
106 201
429 553
293 429
230 378
229 333
153 276
241 357
118 223
420 547
100 237
116 247
254 353
399 557
329 463
257 391
229 390
342 514
406 525
182 291
102 215
273 365
205 369
128 241
80 226
130 233
197 292
325 431
154 328
159 326
270 447
346 492
214 329
191 361
464 581
303 448
122 236
98 254
208 337
132 263
368 500
347 456
152 331
304 448
99 278
416 582
257 351
297 475
320 412
174 331
155 320
140 311
301 462
74 226
77 239
305 471
443 579
168 294
230 353
103 277
404 560
249 373
169 302
293 403
461 638
296 430
135 253
151 268
398 548
302 440
369 532
406 548
149 255
324 421
230 410
228 337
339 497
420 555
122 214
134 291
308 446
152 323
324 417
298 458
375 535
309 450
217 324
328 446
142 240
398 505
119 245
163 307
67 173
208 338
214 325
446 620
268 421
395 509
379 497
187 326
101 216
96 273
96 216
364 499
449 588
349 509
149 284
82 193
241 365
106 220
150 261
235 398
351 491
170 324
214 316
215 393
338 433
359 477
104 271
164 336
212 369
256 354
326 483
137 292
281 383
263 415
247 339
220 314
278 432
334 442
218 358
259 428
108 248
216 388
293 424
399 579
69 162
314 492
146 316
327 496
0 1000
0 1000
0 1000
0 1000
2 2 2 2
720 720 720 720
75 53 114 81 
107 130 99 131 
130 108 155 117 
69 48 111 81 
125 148 118 150 
30 49 25 42 
58 56 109 98 
107 101 158 144 
79 57 112 77 
119 120 167 162 
103 125 105 133 
94 72 127 91 
62 48 112 91 
104 97 156 140 
83 105 85 112 
12 18 64 53 
76 57 91 53 
81 91 120 125 
15 37 43 48 
71 64 122 108 
120 123 77 80 
110 133 97 131 
45 26 72 37 
70 93 65 94 
98 116 54 92 
72 83 111 116 
33 47 17 29 
72 83 111 116 
113 135 94 129 
48 27 91 64 
40 21 86 62 
70 73 117 113 
106 90 108 72 
83 63 99 61 
54 77 47 76 
91 83 76 48 
29 45 69 72 
117 95 142 104 
93 95 140 136 
107 100 158 143 
99 77 136 102 
89 102 123 133 
108 111 155 151 
85 79 137 122 
65 70 30 27 
77 99 51 87 
98 108 48 69 
93 82 85 53 
88 103 118 130 
90 113 73 108 
128 106 148 110 
102 94 154 138 
59 48 110 92 
127 130 83 87 
94 77 102 65 
88 93 45 51 
127 135 77 94 
80 95 30 66 
37 58 62 75 
82 61 125 95 
70 81 110 114 
114 136 93 129 
102 82 119 81 
95 117 76 111 
60 39 90 54 
92 74 139 111 
89 81 75 46 
110 90 129 90 
104 83 125 87 
94 101 137 138 
46 37 52 14 
107 110 153 150 
102 124 81 116 
75 96 88 110 
48 39 99 83 
102 125 84 119 
43 66 47 70 
120 126 74 83 
90 70 135 106 
112 91 132 94 
48 50 97 90 
103 125 109 136 
43 44 93 84 
95 93 66 51 
71 50 92 55 
105 119 54 83 
94 85 146 128 
85 108 84 113 
111 134 104 136 
28 32 79 70 
120 120 168 162 
66 84 23 61 
90 73 138 113 
90 107 115 131 
93 96 55 53 
113 121 64 79 
55 54 105 96 
89 112 86 116 
65 60 115 103 
95 73 116 78 
65 43 103 70 
25 20 76 61 
53 72 80 93 
76 63 78 42 
72 62 67 32 
70 68 121 110 
107 129 106 136 
94 73 116 78 
69 78 112 113 
87 65 113 75 
104 82 124 86 
67 49 81 43 
112 116 68 73 
108 86 139 102 
106 100 157 144 
61 59 112 101 
61 48 111 91 
128 136 79 94 
15 27 37 29 
96 118 70 107 
88 90 136 131 
77 55 118 87 
65 49 76 38 
111 118 63 76 
90 84 141 128 
48 44 99 86 
41 44 91 83 
62 84 49 80 
78 77 51 35 
94 73 113 75 
42 64 56 75 
23 28 74 65 
104 86 115 77 
85 95 36 56 
82 60 119 85 
65 70 111 108 
110 113 155 153 
110 108 159 150 
82 87 42 44 
70 49 93 56 
80 61 95 57 
63 76 12 45 
72 94 64 94 
106 88 113 76 
117 126 67 85 
61 75 98 105 
111 111 160 153 
110 88 146 110 
94 113 115 133 
86 101 36 70 
92 104 127 135 
88 106 45 83 
109 104 160 148 
99 121 100 129 
53 64 95 97 
83 94 33 56 
8 31 47 47 
82 98 110 123 
122 144 120 150 
36 50 77 80 
110 131 118 144 
87 73 137 115 
52 58 22 19 
68 53 76 38 
94 71 129 94 
125 130 80 87 
35 47 80 80 
80 74 131 117 
103 107 149 147 
101 99 72 57 
86 100 119 129 
91 113 71 106 
100 78 129 92 
100 119 59 97 
75 96 46 83 
80 103 71 103 
114 116 161 157 
98 77 141 109 
122 119 171 162 
129 135 82 92 
57 51 109 94 
115 114 81 71 
83 60 121 87 
67 89 63 91 
53 56 30 14 
95 118 79 113 
58 42 72 34 
84 85 133 126 
83 83 52 40 
98 119 110 133 
46 23 86 57 
75 97 52 88 
121 122 169 163 
70 52 118 92 
39 58 69 79 
104 84 120 81 
63 50 113 92 
86 68 133 107 
91 108 43 79 
83 105 58 94 
65 73 109 109 
93 114 59 97 
78 73 129 116 
94 101 47 60 
86 64 127 96 
79 97 104 120 
90 90 56 47 
79 98 98 117 
93 90 67 49 
68 46 107 75 
100 77 132 96 
92 114 73 108 
84 100 112 126 
93 115 76 110 
95 117 93 122 
104 94 90 62 
10 14 52 37 
35 18 62 31 
46 24 87 59 
105 83 128 90 
38 60 61 75 
126 124 176 166 
103 83 119 81 
69 58 120 102 
105 126 73 111 
66 89 68 94 
88 102 120 131 
75 60 81 43 
92 92 59 49 
97 101 56 58 
81 81 129 122 
101 101 150 143 
89 69 134 105 
117 139 99 134 
47 45 98 87 
78 99 49 86 
93 108 43 75 
104 85 116 79 
40 17 78 49 
72 94 58 90 
63 42 89 53 
133 111 155 117 
68 51 79 41 
102 105 61 62 
91 79 142 122 
85 102 110 126 
53 41 104 85 
97 106 136 141 
70 62 62 28 
105 83 143 109 
81 89 123 125 
69 77 112 113 
40 24 62 28 
81 74 69 39 
62 80 88 102 
102 82 116 78 
43 20 79 49 
125 126 84 83 
83 101 39 77 
84 65 131 103 
60 79 24 61 
100 99 150 141 
70 53 118 93 
96 95 145 137 
52 57 25 17 
115 114 164 156 
90 68 124 89 
98 83 99 64 
87 107 53 91 
114 136 115 144 
53 43 59 20 
110 133 100 133 
114 92 145 108 
84 73 135 115 
120 100 138 99 
77 78 47 34 
56 78 56 82 
82 80 56 38 
66 53 71 33 
98 91 149 134 
104 110 59 67 
100 119 60 98 
107 116 58 75 
93 71 131 97 
29 38 77 73 
105 126 113 139 
49 37 100 80 
88 96 41 55 
102 123 68 106 
26 46 59 66 
96 84 91 58 
49 67 14 49 
89 82 140 125 
78 82 40 39 
59 36 98 67 
113 91 139 101 
104 99 154 142 
54 34 80 45 
92 110 47 84 
73 96 61 93 
31 45 20 30 
84 62 113 76 
79 94 110 121 
83 90 37 49 
55 51 106 94 
98 90 82 55 
37 14 75 46 
109 119 59 80 
127 131 82 88 
111 105 162 149 
102 98 152 141 
84 101 108 124 
67 88 77 100 
83 63 99 61 
98 120 105 131 
79 94 29 62 
94 83 145 126 
55 51 106 94 
76 63 76 40 
62 81 87 102 
44 66 61 79 
49 66 83 92 
89 111 92 119 
110 107 81 66 
102 85 107 70 
109 122 58 88 
104 81 140 104 
25 35 73 69 
24 37 71 69 
88 102 37 67 
90 90 138 132 
84 68 133 108 
117 140 102 137 
54 54 104 95 
78 100 56 91 
80 69 131 112 
89 102 122 132 
106 83 140 104 
70 56 120 98 
98 77 140 108 
54 58 103 97 
75 64 73 37 
60 82 61 87 
122 144 116 148 
90 104 121 132 
38 20 85 62 
94 111 116 134 
71 62 122 106 
110 113 157 153 
71 81 112 115 
51 40 101 83 
101 100 151 142 
134 140 87 97 
73 53 93 55 
97 76 139 108 
125 128 82 85 
92 82 81 50 
35 19 83 62 
59 40 106 80 
77 95 33 71 
100 122 101 129 
67 44 104 71 
88 66 128 96 
66 59 117 102 
81 61 126 97 
83 71 134 114 
94 100 137 138 
106 85 124 86 
67 64 118 106 
15 37 49 53 
108 110 154 151 
114 92 138 100 
76 98 79 106 
62 62 111 103 
44 49 26 11 
75 91 103 116 
109 110 156 151 
46 24 86 56 
77 55 115 81 
80 66 82 45 
65 76 104 109 
90 112 62 99 
116 139 103 137 
99 122 88 121 
45 54 90 89 
46 52 94 90 
50 59 15 24 
82 77 64 38 
70 92 49 84 
78 75 55 34 
99 86 95 61 
88 77 139 120 
129 132 86 89 
58 81 63 88 
38 60 29 54 
97 103 52 61 
119 141 112 144 
83 105 69 102 
67 63 118 105 
63 81 21 59 
91 110 109 129 
86 106 99 122 
100 88 91 60 
53 30 91 59 
86 86 134 127 
99 121 100 129 
133 111 157 119 
77 80 41 36 
99 91 150 134 
116 127 64 89 
101 123 105 132 
49 66 82 91 
30 53 50 64 
127 105 149 111 
110 113 69 70 
25 46 31 44 
124 133 74 93 
99 90 86 57 
49 41 51 13 
112 91 132 94 
60 81 76 95 
110 88 135 97 
61 76 10 46 
71 54 85 47 
81 89 35 48 
63 42 107 79 
38 33 44 10 
96 96 145 138 
107 88 116 78 
25 37 27 25 
92 83 143 127 
26 11 59 33 
96 113 48 84 
70 89 28 67 
130 108 154 116 
81 58 115 80 
74 93 96 114 
32 54 38 57 
56 78 64 87 
94 111 47 83 
112 135 109 140 
95 75 139 109 
77 82 37 39 
51 60 13 26 
77 95 102 118 
109 131 102 134 
31 51 26 45 
96 99 142 139 
75 52 110 76 
57 34 95 63 
119 126 71 83 
133 139 86 96 
93 72 136 106 
64 71 110 108 
112 134 108 139 
95 96 60 53 
63 41 95 60 
73 50 103 68 
94 78 143 118 
53 54 103 94 
100 109 50 69 
54 71 86 96 
71 54 83 45 
98 110 47 73 
91 89 141 131 
116 117 78 74 
100 123 79 115 
88 83 68 44 
101 82 112 74 
88 66 129 96 
94 94 61 51 
29 10 64 36 
49 65 84 92 
77 87 117 121 
123 102 142 104 
87 72 90 54 
79 87 122 123 
118 141 104 138 
125 130 78 87 
101 103 64 59 
85 68 133 108 
71 94 63 93 
94 117 83 116 
134 139 87 96 
60 68 18 30 
70 86 23 60 
90 82 141 125 
46 28 69 33 
85 64 106 68 
88 74 138 116 
93 105 128 136 
43 60 80 86 
116 118 163 159 
21 32 69 65 
56 51 49 14 
41 63 39 63 
110 88 143 107 
99 112 48 77 
109 111 69 68 
74 92 98 114 
92 70 133 100 
34 42 24 17 
29 50 54 66 
90 85 141 128 
63 68 27 27 
105 102 155 145 
66 47 82 44 
112 116 69 73 
76 54 118 88 
78 82 125 122 
38 31 89 74 
99 107 142 144 
70 88 26 64 
94 112 116 133 
58 65 20 27 
91 74 139 113 
92 96 138 135 
62 84 55 84 
64 49 72 34 
78 80 127 121 
90 112 63 100 
102 96 152 139 
69 91 49 83 
36 22 58 25 
94 115 63 101 
103 105 65 62 
84 66 97 58 
93 102 133 137 
75 78 41 35 
91 69 131 99 
112 90 143 106 
120 143 107 141 
67 84 20 57 
53 65 94 97 
135 140 90 96 
96 98 144 139 
80 58 109 73 
70 90 87 107 
131 108 156 118 
47 44 98 86 
27 48 32 48 
67 55 68 31 
110 111 71 68 
94 116 76 111 
106 128 76 114 
95 73 133 98 
56 77 28 63 
91 112 57 95 
83 106 73 105 
69 62 60 27 
61 82 77 97 
91 91 140 133 
67 70 114 110 
52 35 71 34 
9 25 42 35 
101 93 153 136 
86 108 72 105 
95 118 86 118 
89 103 38 69 
63 66 33 23 
52 68 87 95 
93 110 119 134 
127 136 78 95 
91 72 136 107 
121 129 72 87 
79 101 56 91 
110 131 117 143 
36 25 86 69 
110 113 69 70 
101 98 152 141 
85 99 118 128 
42 60 75 84 
101 123 74 111 
74 55 90 52 
66 87 37 73 
108 104 79 63 
76 91 108 119 
103 95 85 59 
133 111 155 117 
88 89 137 130 
96 76 140 109 
74 56 121 95 
58 77 83 98 
47 28 93 68 
69 49 93 56 
48 70 45 71 
94 107 43 71 
90 96 133 134 
88 81 139 125 
44 61 78 86 
86 84 136 126 
104 82 140 105 
92 115 83 115 
40 24 88 67 
97 115 51 88 
85 105 47 85 
118 96 145 108 
81 87 126 125 
80 100 97 117 
89 74 91 55 
99 122 98 127 
26 48 34 49 
94 91 145 134 
120 128 71 87 
72 90 97 112 
119 127 70 86 
95 117 80 114 
113 90 145 109 
91 113 72 107 
89 67 123 87 
69 47 96 59 
48 69 66 84 
81 84 45 40 
88 80 72 44 
67 61 118 104 
89 68 110 72 
70 58 69 32 
67 76 110 111 
79 63 128 104 
69 79 111 113 
94 116 70 106 
119 98 136 98 
71 80 113 115 
125 123 174 165 
78 56 103 65 
79 73 130 116 
93 95 55 52 
102 82 115 77 
45 67 35 62 
79 98 100 118 
85 80 64 41 
75 56 121 93 
72 50 99 62 
94 100 137 138 
55 59 104 98 
80 78 55 36 
94 94 60 51 
45 57 89 90 
92 111 51 89 
100 122 84 118 
91 86 142 129 
35 43 23 18 
109 106 78 65 
75 91 26 63 
99 101 62 57 
45 67 55 76 
88 105 114 129 
92 115 79 112 
90 87 63 45 
105 120 55 87 
59 68 17 31 
72 73 121 114 
44 59 82 87 
63 64 112 105 
92 75 100 62 
82 67 131 108 
75 79 122 118 
15 34 57 58 
35 57 45 63 
106 106 155 148 
109 131 92 127 
117 139 117 147 
101 123 91 123 
78 98 98 117 
93 113 53 91 
49 27 91 62 
70 52 87 49 
74 56 122 96 
113 135 109 140 
87 68 103 65 
81 77 60 37 
98 103 54 60 
45 23 79 47 
89 105 40 75 
103 94 86 60 
109 129 117 143 
117 140 110 142 
101 124 90 123 
69 81 108 113 
57 41 73 35 
88 77 81 48 
37 59 51 68 
89 70 102 64 
58 78 29 64 
111 93 119 82 
90 82 141 125 
77 56 119 88 
93 110 46 83 
79 91 116 123 
44 55 11 26 
88 89 53 45 
118 96 144 106 
129 126 179 169 
116 139 110 142 
90 68 117 80 
102 105 61 62 
53 62 13 27 
72 92 37 74 
50 69 78 91 
87 67 107 68 
89 94 46 52 
141 119 164 125 
37 48 17 23 
121 143 120 150 
79 59 95 57 
54 76 48 76 
89 72 97 59 
42 50 88 86 
59 80 34 68 
114 120 68 77 
118 140 119 148 
60 65 108 104 
76 54 103 66 
78 59 96 57 
58 63 106 101 
57 63 22 24 
37 59 31 54 
97 98 145 139 
67 52 117 94 
94 86 77 50 
75 107 130 69 125 30 58 107 79 119 103 94 62 104 83 12 76 81 15 71 120 110 45 70 98 72 33 72 113 48 40 70 106 83 54 91 29 117 93 107 99 89 108 85 65 77 98 93 88 90 128 102 59 127 94 88 127 80 37 82 70 114 102 95 60 92 89 110 104 94 46 107 102 75 48 102 43 120 90 112 48 103 43 95 71 105 94 85 111 28 120 66 90 90 93 113 55 89 65 95 65 25 53 76 72 70 107 94 69 87 104 67 112 108 106 61 61 128 15 96 88 77 65 111 90 48 41 62 78 94 42 23 104 85 82 65 110 110 82 70 80 63 72 106 117 61 111 110 94 86 92 88 109 99 53 83 8 82 122 36 110 87 52 68 94 125 35 80 103 101 86 91 100 100 75 80 114 98 122 129 57 115 83 67 53 95 58 84 83 98 46 75 121 70 39 104 63 86 91 83 65 93 78 94 86 79 90 79 93 68 100 92 84 93 95 104 10 35 46 105 38 126 103 69 105 66 88 75 92 97 81 101 89 117 47 78 93 104 40 72 63 133 68 102 91 85 53 97 70 105 81 69 40 81 62 102 43 125 83 84 60 100 70 96 52 115 90 98 87 114 53 110 114 84 120 77 56 82 66 98 104 100 107 93 29 105 49 88 102 26 96 49 89 78 59 113 104 54 92 73 31 84 79 83 55 98 37 109 127 111 102 84 67 83 98 79 94 55 76 62 44 49 89 110 102 109 104 25 24 88 90 84 117 54 78 80 89 106 70 98 54 75 60 122 90 38 94 71 110 71 51 101 134 73 97 125 92 35 59 77 100 67 88 66 81 83 94 106 67 15 108 114 76 62 44 75 109 46 77 80 65 90 116 99 45 46 50 82 70 78 99 88 129 58 38 97 119 83 67 63 91 86 100 53 86 99 133 77 99 116 101 49 30 127 110 25 124 99 49 112 60 110 61 71 81 63 38 96 107 25 92 26 96 70 130 81 74 32 56 94 112 95 77 51 77 109 31 96 75 57 119 133 93 64 112 95 63 73 94 53 100 54 71 98 91 116 100 88 101 88 94 29 49 77 123 87 79 118 125 101 85 71 94 134 60 70 90 46 85 88 93 43 116 21 56 41 110 99 109 74 92 34 29 90 63 105 66 112 76 78 38 99 70 94 58 91 92 62 64 78 90 102 69 36 94 103 84 93 75 91 112 120 67 53 135 96 80 70 131 47 27 67 110 94 106 95 56 91 83 69 61 91 67 52 9 101 86 95 89 63 52 93 127 91 121 79 110 36 110 101 85 42 101 74 66 108 76 103 133 88 96 74 58 47 69 48 94 90 88 44 86 104 92 40 97 85 118 81 80 89 99 26 94 120 72 119 95 113 91 89 69 48 81 88 67 89 70 67 79 69 94 119 71 125 78 79 93 102 45 79 85 75 72 94 55 80 94 45 92 100 91 35 109 75 99 45 88 92 90 105 59 72 44 63 92 82 75 15 35 106 109 117 101 78 93 49 70 74 113 87 81 98 45 89 103 109 117 101 69 57 88 37 89 58 111 90 77 93 79 44 88 118 129 116 90 102 53 72 50 87 89 141 37 121 79 54 89 42 59 114 118 60 76 78 58 57 37 97 67 94 
53 130 108 48 148 49 56 101 57 120 125 72 48 97 105 18 57 91 37 64 123 133 26 93 116 83 47 83 135 27 21 73 90 63 77 83 45 95 95 100 77 102 111 79 70 99 108 82 103 113 106 94 48 130 77 93 135 95 58 61 81 136 82 117 39 74 81 90 83 101 37 110 124 96 39 125 66 126 70 91 50 125 44 93 50 119 85 108 134 32 120 84 73 107 96 121 54 112 60 73 43 20 72 63 62 68 129 73 78 65 82 49 116 86 100 59 48 136 27 118 90 55 49 118 84 44 44 84 77 73 64 28 86 95 60 70 113 108 87 49 61 76 94 88 126 75 111 88 113 101 104 106 104 121 64 94 31 98 144 50 131 73 58 53 71 130 47 74 107 99 100 113 78 119 96 103 116 77 119 135 51 114 60 89 56 118 42 85 83 119 23 97 122 52 58 84 50 68 108 105 73 114 73 101 64 97 90 98 90 46 77 114 100 115 117 94 14 18 24 83 60 124 83 58 126 89 102 60 92 101 81 101 69 139 45 99 108 85 17 94 42 111 51 105 79 102 41 106 62 83 89 77 24 74 80 82 20 126 101 65 79 99 53 95 57 114 68 83 107 136 43 133 92 73 100 78 78 80 53 91 110 119 116 71 38 126 37 96 123 46 84 67 82 82 36 91 99 34 110 96 45 62 94 90 51 90 14 119 131 105 98 101 88 63 120 94 83 51 63 81 66 66 111 107 85 122 81 35 37 102 90 68 140 54 100 69 102 83 56 77 58 64 82 144 104 20 111 62 113 81 40 100 140 53 76 128 82 19 40 95 122 44 66 59 61 71 100 85 64 37 110 92 98 62 49 91 110 24 55 66 76 112 139 122 54 52 59 77 92 75 86 77 132 81 60 103 141 105 63 81 110 106 88 30 86 121 111 80 91 127 123 66 53 105 113 46 133 90 41 91 81 88 76 54 89 42 33 96 88 37 83 11 113 89 108 58 93 54 78 111 135 75 82 60 95 131 51 99 52 34 126 139 72 71 134 96 41 50 78 54 109 71 54 110 89 117 123 83 82 66 94 10 65 87 102 72 87 141 130 103 68 94 117 139 68 86 82 28 64 74 105 60 118 32 51 63 88 112 111 92 70 42 50 85 68 102 47 116 54 82 31 107 88 112 65 74 96 84 49 80 112 96 91 22 115 105 66 102 78 69 90 143 84 65 140 98 58 90 108 44 48 55 111 116 128 73 77 112 106 62 82 91 70 35 25 93 108 118 103 66 68 110 136 72 129 101 131 25 113 98 99 60 123 55 87 104 91 95 111 89 76 56 77 28 49 70 107 96 81 61 84 82 115 24 115 105 96 87 100 74 122 48 91 128 90 127 117 90 113 67 47 69 84 80 61 68 58 76 63 79 116 98 80 123 56 73 95 82 67 98 80 56 50 100 59 78 94 57 111 122 86 43 106 91 101 67 105 115 87 120 68 73 59 64 75 67 79 34 57 106 131 139 123 98 113 27 52 56 135 68 77 103 23 105 94 129 140 124 81 41 77 59 70 78 93 82 56 110 91 55 89 96 126 139 68 105 62 92 69 67 94 119 48 143 59 76 72 50 80 120 140 65 54 59 63 63 59 98 52 86 
114 99 155 111 118 25 109 158 112 167 105 127 112 156 85 64 91 120 43 122 77 97 72 65 54 111 17 111 94 91 86 117 108 99 47 76 69 142 140 158 136 123 155 137 30 51 48 85 118 73 148 154 110 83 102 45 77 30 62 125 110 93 119 76 90 139 75 129 125 137 52 153 81 88 99 84 47 74 135 132 97 109 93 66 92 54 146 84 104 79 168 23 138 115 55 64 105 86 115 116 103 76 80 78 67 121 106 116 112 113 124 81 68 139 157 112 111 79 37 70 136 118 76 63 141 99 91 49 51 113 56 74 115 36 119 111 155 159 42 93 95 12 64 113 67 98 160 146 115 36 127 45 160 100 95 33 47 110 120 77 118 137 22 76 129 80 80 131 149 72 119 71 129 59 46 71 161 141 171 82 109 81 121 63 30 79 72 133 52 110 86 52 169 118 69 120 113 133 43 58 109 59 129 47 127 104 56 98 67 107 132 73 112 76 93 90 52 62 87 128 61 176 119 120 73 68 120 81 59 56 129 150 134 99 98 49 43 116 78 58 89 155 79 61 142 110 104 136 62 143 123 112 62 69 88 116 79 84 39 131 24 150 118 145 25 164 124 99 53 115 59 100 145 135 138 47 56 56 71 149 59 60 58 131 77 113 100 41 68 59 91 14 140 40 98 139 154 80 47 61 20 113 110 37 106 82 75 59 82 162 152 108 77 99 105 29 145 106 76 87 61 83 92 81 107 58 140 73 71 37 138 133 102 104 56 131 122 140 120 140 103 73 61 116 121 85 116 122 157 112 101 151 87 93 139 82 81 83 106 33 101 104 128 117 126 134 137 124 118 49 154 138 79 111 26 103 156 86 115 82 104 62 103 88 90 94 15 64 49 55 95 139 86 63 29 52 112 69 118 21 109 99 91 91 134 100 157 41 150 64 105 82 50 149 69 31 74 86 51 132 76 135 10 85 35 107 44 145 116 27 143 59 48 28 154 115 96 38 64 47 109 139 37 13 102 102 26 142 110 95 71 86 136 110 108 60 95 103 143 103 50 86 83 47 141 78 79 68 112 129 61 64 84 117 142 90 122 104 78 64 133 63 83 87 18 23 141 69 106 138 128 80 163 69 49 39 143 48 69 98 133 24 54 141 27 155 82 69 118 125 89 142 26 116 20 139 138 55 72 127 63 152 49 58 63 65 97 133 41 131 143 107 20 94 90 144 109 87 156 98 32 68 71 76 76 133 28 57 73 60 77 140 114 71 42 153 72 86 38 33 87 119 78 136 72 56 117 86 69 152 118 75 74 90 37 79 108 85 155 137 140 121 83 93 93 45 43 133 139 78 136 140 83 88 51 47 145 126 97 91 98 34 145 71 97 70 80 145 72 123 96 66 45 72 118 110 69 110 128 111 70 136 113 174 103 130 55 115 35 100 64 121 99 137 104 55 60 89 51 84 142 23 78 26 62 55 114 79 63 55 17 121 82 112 100 131 122 57 45 155 92 117 91 98 53 91 87 122 109 103 60 54 79 40 86 117 110 90 108 73 81 51 102 29 119 141 119 46 116 11 53 144 179 110 117 61 13 37 78 107 46 164 17 120 95 48 97 88 34 68 119 108 103 96 106 22 31 145 117 77 
81 131 117 81 150 42 98 144 77 162 133 91 91 140 112 53 53 125 48 108 80 131 37 94 92 116 29 116 129 64 62 113 72 61 76 48 72 104 136 143 102 133 151 122 27 87 69 53 130 108 110 138 92 87 65 51 94 66 75 95 114 129 81 111 54 111 46 90 87 138 14 150 116 110 83 119 70 83 106 94 90 136 84 51 55 83 128 113 136 70 162 61 113 131 53 79 96 116 103 78 70 61 93 42 32 110 136 78 113 75 86 43 73 102 144 101 91 94 29 107 131 87 38 76 128 86 83 80 35 75 75 65 77 56 85 108 153 150 44 56 57 45 94 76 85 105 153 110 133 70 135 83 148 129 97 56 47 123 150 80 144 115 19 38 94 87 80 117 147 57 129 106 92 97 83 103 157 109 162 92 94 71 87 91 14 113 34 126 40 133 57 88 163 92 79 81 92 107 79 94 109 97 116 60 96 120 47 117 49 75 96 108 126 110 122 62 37 31 59 90 75 166 81 102 111 94 131 43 49 58 122 143 105 134 87 86 75 79 49 90 53 117 41 62 122 126 85 141 28 109 125 113 28 39 102 78 49 83 77 103 61 141 93 137 17 156 89 64 91 144 20 133 108 115 99 34 82 38 33 134 67 98 75 97 73 139 80 55 106 66 58 49 125 39 67 101 142 45 84 93 30 76 121 49 94 55 46 80 88 149 141 124 100 61 131 62 126 94 40 102 79 92 119 66 70 88 104 69 69 67 132 108 137 95 91 112 132 104 98 108 97 37 87 148 132 62 134 106 153 115 83 142 97 55 108 85 50 62 80 71 129 71 96 102 97 114 138 86 106 53 151 100 106 103 11 116 151 56 81 45 109 99 137 121 89 90 24 38 84 34 61 120 89 88 54 61 144 102 105 59 129 122 60 59 127 129 119 36 134 89 132 91 64 111 70 44 93 57 13 94 95 97 46 47 48 79 10 138 78 25 127 33 84 67 116 80 114 57 87 83 140 109 39 26 118 134 45 139 76 63 83 96 106 108 139 53 60 68 118 94 69 96 45 73 131 74 115 44 74 96 51 36 92 121 104 54 123 138 87 59 108 93 116 96 30 60 125 33 68 116 136 86 159 65 14 63 107 77 68 114 100 17 66 128 27 145 44 73 88 122 74 144 64 133 27 113 135 84 34 121 100 139 83 25 101 62 58 137 35 99 106 141 57 97 96 139 73 107 118 86 48 31 68 111 114 98 63 95 105 27 97 133 110 34 35 136 105 118 69 23 95 134 95 107 87 91 143 69 70 141 128 84 111 52 73 63 119 59 117 130 109 95 98 68 56 71 71 134 125 86 126 105 115 67 88 85 108 125 117 55 127 49 134 87 112 86 114 109 107 87 59 84 40 44 104 72 32 111 104 113 106 98 115 165 65 116 52 77 62 118 41 93 62 138 98 36 51 90 89 118 129 18 65 63 57 76 129 112 45 87 31 114 87 105 62 108 118 58 63 148 127 147 123 117 91 62 49 96 140 65 37 60 47 75 60 143 142 123 113 35 48 68 64 64 82 125 88 83 123 26 45 106 169 142 80 62 27 74 91 68 52 125 23 150 57 76 59 86 68 77 148 104 66 57 101 24 54 139 94 50 
4
0 1
100 200
300 500
600 700
