200
10
17 209
154 165
117 141
16 192
168 178
130 156
129 145
167 179
114 132
190 202
199 218
108 119
170 187
123 136
166 181
125 153
152 169
109 134
164 175
154 184
191 202
169 195
206 226
108 125
154 178
145 172
145 155
205 216
99 110
145 170
140 150
137 166
140 163
103 133
203 232
161 178
178 202
134 151
174 201
105 122
184 208
146 161
166 184
160 185
142 168
169 185
133 160
83 110
229 248
176 204
171 195
129 149
169 199
153 176
165 181
178 188
135 146
151 161
120 137
193 218
131 143
154 174
95 119
187 197
174 184
138 156
37 52
187 204
140 152
78 108
146 170
151 173
110 134
154 170
115 140
127 155
174 191
166 180
137 163
150 175
462 481
429 441
442 464
415 442
415 426
437 465
490 503
458 472
416 434
444 471
497 524
424 434
469 495
432 445
501 512
464 493
458 476
463 486
448 461
418 432
497 522
496 507
456 467
433 453
463 474
420 446
443 460
479 501
428 440
459 473
475 501
444 472
436 462
434 453
413 426
423 435
516 535
436 453
459 480
459 478
440 459
451 476
446 475
485 502
496 522
497 527
475 502
430 445
417 427
461 475
425 437
432 459
459 478
418 434
458 468
463 475
455 485
489 506
441 458
467 486
424 435
452 462
462 473
430 458
460 481
399 424
394 412
459 483
436 459
502 532
449 474
495 523
482 504
443 469
438 464
534 548
468 491
418 429
443 460
465 481
519 537
400 423
439 461
340 359
291 316
568 591
406 424
297 311
418 438
224 246
73 94
214 243
321 341
430 448
192 204
77 101
530 550
327 345
422 436
74 86
279 292
175 196
24 45
25 37
124 135
456 473
182 197
565 578
69 83
55 76
98 111
343 353
74 90
19 48
68 97
443 454
512 535
24 45
58 69
87 117
0 600
0 600
0 600
0 600
0 600
0 600
0 600
0 600
0 600
0 600
1 1 1 1 1 1 1 1 1 1
100 100 100 100 100 100 100 100 100 100
8 19 8 14 9 26 25 2 25 20
15 25 26 2 2 29 30 2 4 24
28 21 28 13 30 18 22 26 17 29
14 16 16 27 17 26 6 21 13 19
23 27 27 30 21 16 10 15 22 4
18 11 7 26 22 14 2 12 12 25
7 9 19 18 1 7 22 1 16 3
25 16 16 1 19 24 28 6 30 26
2 8 2 8 3 9 19 4 23 16
10 5 13 28 3 7 30 6 2 3
26 25 22 9 7 1 21 4 30 6
3 17 9 19 26 24 13 5 20 5
13 21 16 25 4 2 14 23 14 30
23 23 29 12 7 21 26 8 24 21
22 17 16 18 12 1 19 1 20 10
27 27 7 8 9 15 30 21 6 5
7 12 26 7 7 23 12 10 7 27
27 7 22 10 3 27 10 25 20 11
22 25 8 6 23 25 29 20 24 6
19 30 14 5 2 16 18 24 18 5
20 1 9 1 24 9 17 3 28 3
23 24 22 24 3 3 7 8 1 26
27 26 16 22 14 2 29 14 24 27
25 27 22 28 20 5 18 3 25 2
29 4 16 24 12 20 26 9 21 9
3 27 3 13 27 23 28 18 7 4
17 19 25 7 7 9 16 12 18 24
29 6 8 4 29 27 3 19 25 13
13 24 23 23 23 1 27 5 12 19
9 7 6 16 30 3 1 27 24 21
8 15 18 28 28 25 28 27 24 29
12 21 23 1 15 18 5 1 15 15
18 27 9 22 15 21 9 11 2 17
4 15 22 10 9 27 17 25 8 10
5 20 19 17 19 7 20 3 11 26
14 11 7 11 10 11 2 26 24 20
16 2 25 28 2 13 21 5 15 21
10 23 19 25 10 20 5 17 3 13
13 22 9 8 16 6 1 15 10 12
24 29 30 8 14 18 10 27 8 10
21 14 3 23 16 29 8 25 7 13
17 14 7 26 10 1 20 1 27 29
17 29 5 21 17 23 19 24 17 23
29 8 13 8 14 30 16 25 12 12
26 4 20 7 2 30 26 1 16 30
19 10 19 3 9 3 14 2 3 14
15 27 25 11 8 1 23 9 19 18
27 29 15 29 11 6 6 20 22 20
9 27 26 5 10 15 18 7 20 29
3 15 28 8 6 12 23 6 30 12
16 29 25 10 12 22 16 17 5 22
27 7 9 1 18 9 23 11 6 17
1 26 11 11 22 28 20 3 19 18
16 10 14 2 11 13 21 14 21 20
14 9 17 21 9 10 18 1 3 21
30 20 23 11 27 16 6 28 30 9
13 23 17 14 23 27 28 22 14 17
12 23 24 9 8 12 17 29 16 21
6 13 24 28 30 6 1 17 9 28
2 26 24 19 26 6 27 9 13 10
20 1 23 16 7 7 6 5 25 10
6 4 21 14 13 4 2 29 27 24
26 30 21 5 20 24 18 25 17 25
3 5 28 12 8 5 4 15 7 11
5 6 29 8 4 11 17 25 26 30
25 17 22 10 20 23 26 21 29 15
25 3 27 4 18 13 11 3 2 16
23 24 15 21 21 27 13 11 1 23
30 4 8 17 30 8 18 21 1 18
19 21 11 17 24 30 26 20 16 12
29 24 30 29 26 29 15 22 11 10
21 28 26 7 25 1 19 20 26 23
8 13 10 13 28 20 28 11 17 22
6 23 11 4 20 16 22 29 12 19
11 20 23 24 10 25 19 28 11 7
27 6 11 6 23 18 10 7 15 3
17 17 18 5 19 9 30 3 12 14
11 8 24 11 10 30 29 20 24 21
11 23 4 8 30 11 10 26 6 11
2 13 10 18 18 16 14 27 14 8
6 11 3 21 20 27 1 14 21 6
3 20 20 19 21 20 3 27 27 2
20 22 21 14 25 25 9 4 6 20
21 4 1 21 24 9 30 22 21 17
6 16 27 15 3 23 21 30 15 17
18 6 27 30 3 20 19 22 11 5
5 12 22 5 28 3 6 30 2 29
10 16 17 9 19 18 20 18 5 13
27 15 16 23 26 18 14 17 8 3
24 19 20 2 21 13 6 22 24 9
6 6 27 3 5 21 12 30 30 23
22 20 5 2 25 6 20 8 25 28
3 5 16 22 19 20 19 27 14 13
11 8 21 19 15 28 27 2 3 23
28 16 11 22 15 26 14 20 12 26
20 5 25 18 22 11 15 19 16 15
11 1 8 5 1 21 22 29 6 11
10 10 26 3 1 17 25 3 22 7
24 21 25 14 18 22 19 18 10 28
24 2 25 30 27 21 11 25 6 21
22 9 9 18 22 14 17 29 17 2
19 26 30 24 1 18 27 26 9 13
8 29 15 19 28 19 25 29 4 2
8 16 30 7 23 19 12 12 14 23
20 7 5 22 24 14 2 8 19 15
10 6 1 28 6 22 9 23 8 5
2 1 10 6 13 1 26 27 20 6
18 28 10 4 27 4 23 27 2 15
11 19 27 27 12 3 18 14 22 21
6 29 23 6 18 3 15 10 16 18
4 10 19 14 23 30 28 27 22 2
21 20 12 30 5 22 9 22 11 18
29 8 28 28 7 7 13 20 14 2
2 3 5 17 16 13 26 25 8 8
26 21 19 29 16 9 21 27 10 18
18 17 4 14 14 20 28 4 27 29
28 13 11 29 4 27 1 16 4 2
6 24 30 3 15 6 4 6 6 8
1 1 4 17 3 17 26 4 15 22
27 7 17 11 23 18 9 27 22 25
15 30 19 27 10 10 26 28 9 12
26 28 18 7 18 13 14 25 24 18
21 30 8 12 21 6 6 17 7 28
28 4 21 22 1 15 2 18 2 13
2 3 9 20 4 21 24 8 29 27
18 19 9 19 26 20 16 9 15 16
30 9 25 25 17 16 15 16 8 2
14 27 1 20 13 13 18 7 20 17
30 26 17 12 13 23 26 10 26 12
20 30 10 1 7 23 10 6 18 6
8 22 20 7 29 15 18 12 2 24
18 18 4 8 24 9 8 16 29 3
12 2 5 5 29 16 26 7 22 24
8 1 6 27 28 13 24 25 12 1
26 21 30 18 30 15 2 19 29 15
14 20 29 9 7 18 26 20 20 18
8 23 3 13 13 9 14 6 2 4
16 20 9 18 12 4 17 24 23 1
14 28 11 4 20 10 24 13 12 3
13 30 8 9 7 20 5 3 12 29
3 29 21 2 10 3 12 13 12 20
6 9 28 19 10 9 19 13 21 13
27 10 13 25 5 18 24 3 1 23
30 30 28 16 17 8 10 5 7 12
6 4 30 8 23 17 26 8 11 19
15 6 21 20 18 12 4 10 28 20
19 21 3 6 12 2 23 18 13 7
11 27 8 4 5 27 16 30 22 5
1 2 21 29 21 13 19 19 12 14
30 28 23 17 13 13 11 23 9 11
26 29 15 8 1 26 19 19 24 9
9 24 20 19 12 17 19 7 5 18
7 23 10 6 13 1 8 25 18 29
22 29 10 10 20 12 1 14 2 21
5 1 20 10 23 17 7 7 4 9
2 11 19 28 12 29 23 11 11 17
18 11 15 14 28 8 2 15 26 27
24 24 9 4 10 2 6 27 5 28
29 14 14 30 22 1 30 13 7 2
16 29 9 28 9 11 19 13 20 21
12 17 29 1 3 20 5 21 16 23
2 20 5 27 25 17 20 8 5 19
2 21 4 26 29 28 19 20 3 16
20 6 8 15 11 20 29 20 30 19
30 29 2 4 21 12 13 16 19 30
20 22 5 23 9 29 22 5 20 4
23 27 27 27 22 27 13 4 7 26
7 27 27 18 5 3 6 23 12 9
26 23 14 29 22 15 2 8 3 6
1 16 7 28 12 1 28 11 9 29
7 27 16 22 29 1 26 27 20 29
27 21 25 24 25 14 10 4 9 22
24 20 8 10 20 13 25 30 27 19
12 18 8 26 14 7 3 16 19 27
20 1 29 1 30 21 22 12 20 14
3 6 1 5 28 6 20 8 4 8
10 4 7 14 29 23 8 20 2 6
26 8 21 17 1 29 27 14 24 27
10 23 2 12 12 15 30 22 6 3
28 28 23 7 5 8 21 27 2 3
17 29 28 4 16 15 21 7 2 25
20 12 23 9 15 20 2 29 17 14
17 14 8 23 1 12 28 16 14 30
21 22 6 19 18 7 28 18 30 23
6 29 10 6 12 7 29 27 26 27
24 25 3 30 18 7 2 21 23 11
30 13 17 13 28 4 22 13 4 16
11 22 21 27 28 10 24 3 2 16
6 30 29 24 23 11 14 13 22 6
25 19 2 14 1 21 27 14 28 2
3 26 22 29 10 10 5 15 20 25
13 23 30 3 25 28 15 7 23 27
13 16 4 17 19 17 9 5 30 27
27 2 8 10 16 18 23 24 25 3
19 9 24 12 19 17 27 19 26 10
22 4 3 4 25 14 16 17 30 30
10 8 16 20 14 4 6 17 18 25
16 12 19 25 9 24 5 13 10 23
5 8 25 29 10 10 20 17 22 13
26 16 21 29 23 19 7 25 16 15
12 27 20 12 19 23 22 18 7 23 12 10 25 26 14 13 11 12 23 9 25 30 18 18 30 30 21 10 18 5 12 4 2 12 10 15 9 13 24 2 20 20 15 13 25 25 9 2 27 16 12 13 13 16 4 12 15 26 30 8 17 15 23 16 3 2 13 13 9 15 8 5 25 20 18 27 28 6 24 29 26 24 6 18 15 29 8 12 22 8 17 26 18 30 14 10 18 18 2 27 24 4 24 15 12 13 12 7 28 30 30 4 9 26 19 9 15 29 18 29 12 19 30 4 10 13 2 29 16 7 10 6 20 30 7 25 4 15 17 27 19 27 1 13 7 26 27 10 9 28 23 1 3 8 12 22 7 24 2 29 2 17 13 26 25 29 8 2 9 13 14 20 13 2 5 23 10 26 30 24 22 24 16 25 25 3 16 9 29 3 19 7 22 23 29 14 21 20 19 1
16 25 21 2 26 1 8 20 11 4 18 19 6 12 7 6 17 21 18 20 16 22 12 3 11 27 28 16 28 18 12 29 21 21 1 13 7 30 28 1 7 16 18 4 24 9 5 22 26 8 25 29 6 4 26 30 4 11 15 13 10 18 28 13 1 29 22 13 17 1 11 7 30 27 17 30 23 6 7 5 21 12 30 22 26 21 29 16 17 30 12 18 9 23 3 4 11 16 18 11 23 3 20 12 4 26 17 9 12 2 21 17 12 26 26 20 24 17 5 29 13 4 1 29 6 12 24 11 15 15 15 30 7 15 26 25 21 12 4 14 27 11 29 8 16 7 14 5 15 9 18 27 1 3 2 13 27 10 15 28 16 13 20 18 1 3 12 10 2 30 16 25 13 5 23 25 20 27 19 14 22 11 1 1 23 15 7 21 16 10 24 4 26 29 7 2 10 1 13 24
2 28 27 26 30 3 30 17 9 24 20 7 30 19 4 8 13 17 2 17 17 19 12 17 9 27 8 4 28 24 14 4 9 13 21 12 16 30 25 27 3 21 27 23 8 19 16 25 26 1 20 7 24 22 2 22 30 29 30 1 18 17 18 2 10 21 24 6 11 11 22 6 11 12 14 27 2 5 29 18 10 30 29 5 18 27 30 12 12 26 6 15 13 12 21 17 16 14 17 20 28 4 10 19 8 12 26 18 12 19 30 7 30 23 6 9 12 17 20 9 26 16 28 12 22 23 13 14 16 5 13 14 19 4 25 9 23 27 29 11 10 28 1 20 17 21 11 19 24 11 3 3 18 16 19 8 6 6 15 11 23 19 22 7 18 9 5 15 3 30 10 7 5 12 1 5 7 17 24 11 15 20 1 23 26 12 28 18 19 1 22 23 9 10 29 12 9 12 22 4
17 27 16 22 29 29 16 23 29 24 13 29 4 13 12 17 2 23 13 16 3 18 1 21 21 8 24 25 26 8 1 8 30 7 9 8 8 28 21 19 11 12 4 30 8 13 11 28 5 15 15 4 15 24 3 13 23 7 16 11 3 19 25 4 15 22 13 16 28 24 7 23 20 3 27 16 18 3 4 4 2 20 1 8 21 2 25 6 18 28 17 9 21 22 15 17 19 11 2 26 9 15 17 19 6 14 3 23 21 7 26 29 21 29 18 13 30 27 2 29 26 21 28 17 20 18 23 17 4 14 6 3 13 17 21 11 6 28 16 13 29 14 15 25 4 17 16 9 1 9 18 10 17 4 19 27 11 3 8 30 23 19 15 17 4 18 23 21 20 17 26 23 2 16 1 26 2 25 20 24 17 18 19 15 1 3 10 28 19 2 13 29 20 2 30 13 2 20 11 29
30 10 29 3 21 13 24 26 17 26 30 7 22 21 11 1 19 20 30 18 27 7 23 14 14 8 21 13 14 18 28 2 20 23 7 8 10 16 19 25 16 2 3 5 4 19 26 14 10 10 6 12 11 1 3 30 7 19 21 21 10 22 24 21 30 2 7 8 6 3 9 7 4 1 24 13 12 6 8 17 6 14 19 27 20 14 12 29 28 5 18 7 17 25 16 11 16 22 19 10 16 3 2 30 11 24 21 26 11 28 13 17 7 2 25 20 11 10 16 25 17 23 11 23 28 20 4 6 22 24 10 4 25 17 22 5 21 17 12 9 16 1 2 26 14 16 17 21 13 23 25 4 12 24 22 12 27 13 1 6 14 16 25 10 5 8 30 23 11 9 19 30 10 25 19 9 4 11 3 10 22 2 16 24 14 4 29 29 19 5 4 22 1 8 9 7 22 2 22 27
22 14 1 18 26 28 9 18 29 13 18 24 18 13 22 4 16 12 30 18 16 16 29 25 2 4 30 29 24 6 15 23 7 8 25 13 23 10 22 11 27 21 17 13 9 6 19 14 13 3 15 7 20 17 12 26 2 3 27 14 6 21 29 23 6 15 3 18 5 12 21 25 1 26 30 25 14 30 21 24 1 22 14 24 19 5 28 1 1 5 30 12 29 24 26 15 27 26 12 15 20 15 4 19 6 18 21 11 14 24 11 14 18 27 9 20 4 28 14 3 18 22 19 11 17 8 11 19 2 18 30 1 5 1 12 19 6 13 11 21 19 26 26 25 30 30 16 25 28 15 29 13 11 9 29 30 7 22 15 25 9 24 26 29 8 13 5 20 29 5 12 7 27 4 4 20 8 1 5 4 29 12 4 25 20 3 20 26 21 26 1 28 12 12 2 7 26 18 16 25
12 1 20 6 17 9 10 28 19 7 1 3 22 18 15 19 13 6 10 3 10 10 25 24 29 14 25 18 18 4 6 24 30 19 8 11 17 10 30 18 8 27 2 4 24 27 25 20 17 26 28 19 6 15 24 18 7 27 2 28 14 21 9 15 2 4 18 15 24 2 27 9 14 17 1 20 6 28 3 21 26 23 7 14 14 12 11 20 4 13 14 6 11 27 9 11 24 14 3 25 24 1 24 11 19 11 12 10 22 27 18 1 30 10 23 2 19 9 8 7 21 3 7 5 16 11 25 2 23 15 5 13 3 24 22 1 1 3 23 19 5 18 23 11 19 4 18 3 12 25 2 18 15 23 24 6 23 4 24 26 26 13 11 21 7 19 12 21 23 12 22 29 2 6 18 5 17 5 25 30 16 29 11 20 6 27 9 17 13 11 7 10 12 11 21 12 12 19 8 4
23 2 29 27 8 7 23 5 7 16 3 24 9 9 6 24 3 16 5 18 12 4 11 3 15 4 23 29 19 16 5 25 3 29 13 30 28 28 12 21 17 14 18 3 19 2 15 15 24 22 9 7 26 9 5 27 27 19 10 25 18 22 14 21 21 20 16 27 8 7 6 9 15 5 5 21 8 2 24 25 26 8 23 20 6 18 1 10 1 11 21 24 24 14 25 7 11 3 13 12 5 18 30 8 25 23 13 4 15 19 27 13 27 28 13 19 14 24 7 2 25 4 1 2 30 25 7 17 5 16 6 1 14 30 29 1 15 11 8 6 14 17 14 25 10 6 16 28 27 29 23 14 22 27 30 30 26 28 11 9 20 24 5 19 27 25 29 17 12 2 9 14 1 15 19 20 18 23 29 9 6 12 30 16 30 22 29 15 18 29 22 20 20 22 16 9 25 30 15 10
8 30 12 19 8 3 20 3 8 8 16 11 27 10 10 6 20 12 17 9 5 27 4 3 17 21 14 2 4 9 24 28 30 21 14 5 3 20 15 2 9 16 6 15 14 6 10 18 15 19 15 4 9 13 24 22 29 23 20 14 8 23 29 1 27 6 22 2 20 9 11 14 14 22 6 24 10 4 4 8 7 21 12 6 17 2 17 24 19 23 18 19 2 14 18 3 4 5 12 19 13 15 14 6 15 4 1 20 30 8 12 19 8 9 25 10 5 8 29 14 11 19 20 16 22 30 7 10 20 11 13 5 8 29 9 15 4 15 11 25 28 13 10 22 10 12 26 25 10 5 4 15 30 11 16 5 23 25 6 7 8 22 6 7 9 18 15 7 23 27 6 16 6 2 12 18 30 10 19 24 26 13 22 22 14 29 23 20 5 14 16 4 22 15 28 10 28 10 5 9
9 8 8 11 27 16 9 15 23 26 10 13 28 18 18 2 30 10 27 2 24 6 4 10 21 5 30 6 4 20 1 18 25 15 12 13 24 7 27 8 21 14 24 29 22 6 24 21 26 13 20 11 15 2 13 25 11 12 17 7 4 4 27 2 5 13 2 5 1 5 9 21 7 19 22 23 24 4 8 30 2 28 19 13 23 17 8 16 24 24 1 7 15 8 29 9 20 24 25 28 11 29 25 9 21 19 8 5 26 17 2 9 11 25 14 17 2 19 18 30 20 22 13 5 5 8 2 20 17 11 20 25 30 29 8 3 30 18 17 9 11 6 3 13 3 10 24 27 27 12 20 5 7 8 20 12 21 29 17 25 9 29 8 29 10 10 5 23 20 2 1 30 19 10 11 13 15 6 9 20 18 28 16 27 18 19 14 28 7 28 21 9 14 15 5 11 16 23 2 29
3
0 1 2
3 4
5 6