360
4
252 587
202 479
206 461
246 458
115 348
216 528
257 478
114 416
182 476
261 446
299 584
204 562
61 347
149 460
133 319
237 453
211 413
69 252
278 606
82 355
180 512
153 437
94 334
121 398
74 375
107 418
77 375
94 406
146 465
111 439
169 470
212 556
187 412
246 472
193 441
270 579
108 301
167 393
184 378
191 462
120 480
176 373
299 581
68 253
93 282
268 475
204 547
227 464
236 519
208 453
228 471
284 570
292 633
195 377
87 356
144 445
134 470
124 446
83 335
165 492
113 386
295 596
189 507
214 452
181 500
262 500
164 512
122 364
152 387
220 475
133 357
192 414
164 363
103 325
178 425
147 388
250 575
256 489
193 376
197 470
72 310
169 424
166 377
204 531
120 365
112 367
294 608
251 530
158 508
103 372
246 559
204 557
87 412
300 488
189 474
225 516
246 504
61 388
219 545
125 344
209 447
278 586
188 458
213 409
97 292
172 370
169 516
193 413
264 497
291 558
116 382
255 472
231 515
74 340
274 495
114 361
233 544
113 437
95 331
191 473
115 305
163 401
261 455
221 453
224 528
153 380
145 363
292 518
227 537
258 553
128 453
67 426
161 409
233 559
128 419
82 406
160 493
194 543
75 346
114 308
223 479
195 404
172 411
233 516
100 373
70 335
82 290
224 537
90 276
95 384
138 350
134 456
291 621
225 577
143 339
218 449
160 345
159 389
173 446
105 403
118 423
270 517
60 398
170 397
126 324
67 269
273 490
198 465
147 482
146 462
212 533
82 263
202 532
260 546
285 499
283 557
261 596
241 590
147 455
261 495
254 439
261 543
160 464
235 486
146 486
172 366
225 530
195 523
154 353
246 479
162 451
259 490
102 393
64 300
195 529
66 410
158 348
97 359
72 280
290 574
179 433
147 434
283 479
145 440
107 328
298 548
180 380
243 542
76 348
230 525
70 337
122 321
160 399
285 518
106 306
287 561
78 407
60 317
91 387
81 406
225 529
122 445
297 513
171 460
284 465
237 478
247 561
223 570
219 550
193 475
229 418
201 478
286 474
265 618
222 540
125 317
188 520
216 450
262 510
202 406
87 392
218 541
145 444
290 534
71 355
63 316
170 482
82 402
267 532
98 331
224 425
104 459
85 301
212 449
176 525
275 625
259 474
234 501
62 330
225 505
126 308
107 464
206 436
165 431
185 529
134 336
153 399
66 258
214 539
81 361
115 302
137 326
102 438
81 411
178 460
96 404
62 296
256 532
282 520
92 351
209 392
135 464
147 380
83 328
292 650
131 447
289 577
234 512
282 494
153 428
154 481
149 415
124 400
131 488
123 351
263 443
77 331
241 568
277 605
129 370
117 434
238 421
230 446
276 580
233 535
125 355
168 353
296 538
231 458
250 604
170 480
260 561
107 466
288 487
164 348
73 414
229 497
160 495
211 394
266 540
126 337
245 457
170 434
168 388
80 383
60 330
248 451
95 278
248 458
223 449
218 507
98 369
161 382
171 358
233 417
258 563
109 407
174 471
147 409
275 616
71 330
221 480
227 475
165 371
124 462
91 333
202 458
125 370
62 373
267 471
177 421
179 530
253 532
235 491
74 419
196 416
276 530
92 281
194 382
282 520
0 1000
0 1000
0 1000
0 1000
3 3 3 3
360 360 360 360
77 103 44 87 
163 79 136 93 
110 54 112 65 
59 68 79 62 
105 103 66 91 
49 125 57 107 
159 73 135 88 
38 109 77 96 
102 109 65 96 
60 125 100 114 
121 100 139 105 
142 58 116 71 
136 51 121 69 
52 87 82 79 
123 102 83 94 
86 128 63 112 
122 98 82 91 
46 132 77 116 
172 86 147 101 
124 86 135 94 
90 15 67 21 
110 97 70 88 
95 90 116 91 
56 67 16 51 
126 102 86 95 
117 59 82 60 
78 66 94 65 
129 104 145 110 
49 55 63 47 
38 82 12 65 
100 62 62 56 
44 130 77 114 
65 121 103 111 
114 138 83 124 
123 47 115 63 
89 50 53 42 
145 118 162 125 
49 131 66 114 
85 72 45 61 
69 118 106 110 
106 42 103 54 
129 139 94 127 
108 120 73 107 
69 101 101 94 
137 117 156 123 
63 32 37 16 
78 157 117 144 
131 44 112 61 
69 74 91 71 
76 32 76 34 
59 146 89 130 
19 101 43 84 
144 59 128 76 
57 123 97 112 
86 63 99 65 
49 132 86 118 
91 23 85 35 
162 76 139 91 
108 37 78 42 
120 67 84 66 
81 113 51 97 
37 118 54 101 
116 39 108 55 
120 126 83 114 
158 83 125 92 
121 141 89 128 
43 57 12 39 
142 80 107 84 
48 120 88 107 
161 79 133 91 
74 64 90 63 
126 107 145 112 
95 94 118 94 
57 58 72 52 
84 6 64 13 
24 110 56 94 
32 57 20 40 
54 134 69 117 
157 74 130 87 
69 140 109 128 
87 77 105 77 
146 100 155 111 
66 51 29 37 
71 139 112 128 
27 95 65 82 
141 106 154 115 
72 81 96 78 
135 49 118 66 
52 138 80 122 
135 64 130 79 
117 59 118 71 
43 127 81 112 
151 67 126 81 
120 86 80 81 
125 38 107 56 
115 92 75 84 
153 70 126 83 
141 57 114 71 
10 94 40 78 
69 99 37 84 
49 114 88 103 
101 110 64 97 
93 88 114 88 
138 54 124 71 
71 82 32 67 
151 65 129 80 
49 124 89 111 
89 30 59 27 
46 45 51 33 
110 45 108 58 
29 57 39 43 
66 131 61 113 
137 97 148 106 
83 131 64 114 
88 16 64 19 
42 91 21 74 
42 52 18 35 
34 104 74 91 
99 12 82 30 
106 43 104 55 
143 92 149 103 
118 56 117 68 
121 73 83 71 
131 89 141 99 
61 69 81 64 
56 142 88 126 
125 42 100 55 
145 82 109 86 
145 63 118 75 
30 116 65 101 
133 52 105 63 
64 94 31 77 
21 96 34 79 
58 132 63 114 
135 89 143 99 
22 103 62 88 
50 132 89 118 
11 97 46 81 
129 53 121 69 
20 87 57 73 
125 147 94 134 
56 136 96 122 
73 104 105 98 
78 99 43 84 
122 36 101 52 
73 149 113 136 
117 81 128 88 
93 24 66 27 
53 40 29 22 
99 86 59 76 
97 38 96 48 
118 63 82 63 
68 149 107 135 
133 152 101 139 
59 129 60 112 
124 84 134 93 
138 55 113 68 
40 49 47 37 
103 51 68 49 
27 71 13 54 
64 35 36 20 
56 68 77 61 
121 71 83 70 
23 108 62 92 
70 133 110 123 
107 78 68 71 
123 89 135 96 
39 125 76 109 
55 134 67 116 
108 112 134 112 
111 104 133 106 
121 100 138 105 
71 27 68 26 
112 95 72 86 
36 122 71 106 
73 30 73 32 
30 117 63 101 
97 82 114 84 
104 110 67 98 
117 66 121 76 
93 14 70 23 
62 68 82 63 
46 67 6 50 
39 53 19 36 
85 50 48 41 
83 81 104 80 
71 156 106 141 
131 75 94 76 
27 68 50 55 
97 70 58 62 
106 127 74 114 
87 169 124 155 
118 56 84 58 
103 113 130 112 
56 84 20 67 
119 40 109 57 
79 121 115 114 
108 37 102 51 
46 122 86 109 
75 45 82 46 
146 77 112 83 
47 102 84 91 
137 53 113 67 
99 35 96 47 
61 106 97 97 
130 82 137 92 
53 118 92 106 
132 46 109 61 
65 94 32 78 
59 88 89 81 
113 106 74 96 
62 92 29 76 
177 93 151 107 
125 150 95 136 
115 46 111 60 
23 77 53 63 
100 66 111 72 
63 128 58 111 
81 9 70 18 
88 93 49 80 
111 61 116 71 
27 67 49 54 
129 61 96 66 
26 113 61 97 
50 137 80 121 
143 57 120 72 
141 66 110 75 
9 91 50 76 
40 46 38 31 
52 39 30 21 
146 84 110 88 
66 68 85 64 
50 66 71 58 
118 34 104 51 
32 117 58 100 
113 86 128 92 
91 101 117 99 
68 130 60 113 
53 79 80 72 
58 137 97 123 
81 102 110 98 
39 82 12 65 
81 108 112 103 
45 125 60 108 
69 17 55 6 
148 105 158 115 
67 108 102 101 
124 91 137 98 
71 99 38 84 
91 56 53 48 
113 74 122 82 
86 84 46 71 
140 54 122 71 
82 80 42 67 
149 72 118 82 
119 85 131 92 
159 82 128 92 
25 102 39 85 
45 41 34 25 
111 66 118 75 
75 159 111 144 
67 143 107 130 
80 161 117 147 
98 87 118 89 
58 43 65 38 
67 151 103 136 
99 63 60 57 
93 32 91 43 
63 45 30 30 
152 66 135 83 
72 92 36 77 
119 69 81 68 
95 94 118 94 
104 78 118 83 
55 131 63 114 
149 79 115 86 
36 122 73 106 
148 84 112 88 
152 66 135 83 
130 68 130 81 
52 57 68 50 
147 119 163 126 
34 96 27 78 
37 120 75 105 
105 133 75 118 
116 72 78 69 
132 117 152 121 
66 133 106 121 
43 96 78 85 
31 80 13 63 
162 83 132 94 
102 85 62 76 
40 126 74 111 
63 47 72 43 
59 113 44 96 
82 165 119 151 
119 112 80 102 
83 83 43 70 
48 97 83 87 
121 92 135 98 
42 47 47 34 
110 43 106 56 
102 20 89 37 
102 138 76 123 
112 112 137 113 
131 117 152 121 
145 94 151 106 
33 53 36 38 
80 124 58 108 
23 64 23 47 
17 80 51 66 
63 30 39 13 
42 113 82 101 
125 82 86 79 
166 84 137 97 
67 151 102 136 
126 75 88 74 
25 75 54 62 
54 139 76 122 
112 144 85 129 
125 51 118 66 
146 102 156 113 
96 84 115 86 
67 70 27 55 
54 48 64 41 
73 15 63 14 
69 68 29 53 
53 71 76 64 
64 140 104 127 
68 72 88 69 
124 115 146 118 
109 24 94 41 
57 101 92 93 
146 61 121 75 
102 137 76 122 
138 83 142 95 
58 135 98 122 
124 38 107 55 
10 95 42 79 
170 90 140 101 
26 109 66 94 
112 92 129 96 
16 100 55 85 
45 115 46 97 
82 77 41 64 
122 43 95 53 
52 104 88 94 
109 58 73 56 
140 57 115 70 
77 154 117 141 
108 92 68 83 
64 150 99 134 
39 108 40 91 
37 117 53 100 
115 62 78 61 
134 55 124 72 
131 47 117 65 
121 66 84 66 
63 105 98 97 
60 108 97 99 
77 163 110 59 105 49 159 38 102 60 121 142 136 52 123 86 122 46 172 124 90 110 95 56 126 117 78 129 49 38 100 44 65 114 123 89 145 49 85 69 106 129 108 69 137 63 78 131 69 76 59 19 144 57 86 49 91 162 108 120 81 37 116 120 158 121 43 142 48 161 74 126 95 57 84 24 32 54 157 69 87 146 66 71 27 141 72 135 52 135 117 43 151 120 125 115 153 141 10 69 49 101 93 138 71 151 49 89 46 110 29 66 137 83 88 42 42 34 99 106 143 118 121 131 61 56 125 145 145 30 133 64 21 58 135 22 50 11 129 20 125 56 73 78 122 73 117 93 53 99 97 118 68 133 59 124 138 40 103 27 64 56 121 23 70 107 123 39 55 108 111 121 71 112 36 73 30 97 104 117 93 62 46 39 85 83 71 131 27 97 106 87 118 103 56 119 79 108 46 75 146 47 137 99 61 130 53 132 65 59 113 62 177 125 115 23 100 63 81 88 111 27 129 26 50 143 141 9 40 52 146 66 50 118 32 113 91 68 53 58 81 39 81 45 69 148 67 124 71 91 113 86 140 82 149 119 159 25 45 111 75 67 80 98 58 67 99 93 63 152 72 119 95 104 55 149 36 148 152 130 52 147 34 37 105 116 132 66 43 31 162 102 40 63 59 82 119 83 48 121 42 110 102 102 112 131 145 33 80 23 17 63 42 125 166 67 126 25 54 112 125 146 96 67 54 73 69 53 64 68 124 109 57 146 102 138 58 124 10 170 26 112 16 45 82 122 52 109 140 77 108 64 39 37 115 134 131 121 63 60 
103 79 54 68 103 125 73 109 109 125 100 58 51 87 102 128 98 132 86 86 15 97 90 67 102 59 66 104 55 82 62 130 121 138 47 50 118 131 72 118 42 139 120 101 117 32 157 44 74 32 146 101 59 123 63 132 23 76 37 67 113 118 39 126 83 141 57 80 120 79 64 107 94 58 6 110 57 134 74 140 77 100 51 139 95 106 81 49 138 64 59 127 67 86 38 92 70 57 94 99 114 110 88 54 82 65 124 30 45 45 57 131 97 131 16 91 52 104 12 43 92 56 73 89 69 142 42 82 63 116 52 94 96 132 89 103 132 97 53 87 147 136 104 99 36 149 81 24 40 86 38 63 149 152 129 84 55 49 51 71 35 68 71 108 133 78 89 125 134 112 104 100 27 95 122 30 117 82 110 66 14 68 67 53 50 81 156 75 68 70 127 169 56 113 84 40 121 37 122 45 77 102 53 35 106 82 118 46 94 88 106 92 93 150 46 77 66 128 9 93 61 67 61 113 137 57 66 91 46 39 84 68 66 34 117 86 101 130 79 137 102 82 108 125 17 105 108 91 99 56 74 84 54 80 72 85 82 102 41 66 159 143 161 87 43 151 63 32 45 66 92 69 94 78 131 79 122 84 66 68 57 119 96 120 133 72 117 133 96 80 83 85 126 47 113 165 112 83 97 92 47 43 20 138 112 117 94 53 124 64 80 30 113 82 84 151 75 75 139 144 51 102 84 70 48 15 68 71 140 72 115 24 101 61 137 83 135 38 95 90 109 92 100 115 77 43 104 58 57 154 92 150 108 117 62 55 47 66 105 108 
44 136 112 79 66 57 135 77 65 100 139 116 121 82 83 63 82 77 147 135 67 70 116 16 86 82 94 145 63 12 62 77 103 83 115 53 162 66 45 106 103 94 73 101 156 37 117 112 91 76 89 43 128 97 99 86 85 139 78 84 51 54 108 83 125 89 12 107 88 133 90 145 118 72 64 56 20 69 130 109 105 155 29 112 65 154 96 118 80 130 118 81 126 80 107 75 126 114 40 37 88 64 114 124 32 129 89 59 51 108 39 61 148 64 64 21 18 74 82 104 149 117 83 141 81 88 100 109 118 65 105 31 34 63 143 62 89 46 121 57 94 96 105 43 101 113 128 66 29 59 96 82 107 101 60 134 113 47 68 13 36 77 83 62 110 68 135 76 67 134 133 138 68 72 71 73 63 114 67 121 70 82 6 19 48 104 106 94 50 58 74 124 84 130 20 109 115 102 86 82 112 84 113 96 97 137 92 109 32 89 74 29 151 95 111 53 111 58 70 49 116 49 96 61 80 120 110 50 38 30 110 85 71 104 58 128 117 60 80 97 110 12 112 60 55 158 102 137 38 53 122 46 122 42 118 131 128 39 34 118 111 107 117 118 65 103 60 91 30 135 36 81 118 118 63 115 73 112 135 130 68 163 27 75 75 78 152 106 78 13 132 62 74 72 44 119 80 43 83 135 47 106 89 76 137 152 151 36 58 23 51 39 82 86 137 102 88 54 76 85 118 156 115 27 64 63 29 76 104 88 146 94 92 121 76 142 98 107 42 140 66 129 55 46 41 95 88 73 115 117 68 99 40 53 78 124 117 84 98 97 
87 93 65 62 91 107 88 96 96 114 105 71 69 79 94 112 91 116 101 94 21 88 91 51 95 60 65 110 47 65 56 114 111 124 63 42 125 114 61 110 54 127 107 94 123 16 144 61 71 34 130 84 76 112 65 118 35 91 42 66 97 101 55 114 92 128 39 84 107 91 63 112 94 52 13 94 40 117 87 128 77 111 37 128 82 115 78 66 122 79 71 112 81 81 56 84 83 71 78 84 103 97 88 71 67 80 111 27 33 58 43 113 106 114 19 74 35 91 30 55 103 68 71 99 64 126 55 86 75 101 63 77 79 114 99 88 118 81 69 73 134 122 98 84 52 136 88 27 22 76 48 63 135 139 112 93 68 37 49 54 20 61 70 92 123 71 96 109 116 112 106 105 26 86 106 32 101 84 98 76 23 63 50 36 41 80 141 76 55 62 114 155 58 112 67 57 114 51 109 46 83 91 67 47 97 92 106 61 78 81 96 76 107 136 60 63 72 111 18 80 71 54 66 97 121 72 75 76 31 21 88 64 58 51 100 92 99 113 72 123 98 65 103 108 6 115 101 98 84 48 82 71 71 67 82 92 92 85 25 75 144 130 147 89 38 136 57 43 30 83 77 68 94 83 114 86 106 88 83 81 50 126 78 105 118 69 121 121 85 63 94 76 111 43 96 151 102 70 87 98 34 56 37 123 113 121 106 38 108 47 66 13 101 79 97 136 74 62 122 129 66 113 86 55 41 14 53 64 127 69 118 41 93 75 122 95 122 55 79 101 94 96 85 97 64 53 94 56 70 141 83 134 91 100 61 72 65 66 97 99 
3
0 1
100 101
200 201
300 301