360
6
313 407
347 525
63 194
449 551
222 352
456 623
68 163
264 388
356 459
214 355
238 336
388 502
102 250
386 505
280 405
176 351
177 317
296 419
308 401
212 307
231 374
100 270
429 603
124 246
406 530
256 401
295 460
228 372
150 325
427 530
469 634
216 361
115 234
163 335
422 557
129 294
327 495
102 195
258 356
64 209
360 451
451 621
268 407
465 602
228 406
264 426
272 418
174 339
318 439
348 481
419 595
223 329
149 323
176 279
320 452
255 382
240 336
271 388
145 268
249 386
99 207
367 547
370 516
442 606
335 455
115 257
441 594
177 326
184 316
174 284
256 375
75 196
72 167
63 176
308 452
306 406
143 279
383 541
466 563
372 483
413 545
78 241
313 421
131 242
130 304
178 344
366 485
400 502
202 322
394 533
183 314
62 210
291 413
471 601
110 255
259 411
362 509
388 553
87 216
126 280
265 437
95 224
235 341
116 290
166 316
143 250
325 471
176 339
274 412
287 456
114 223
174 332
128 304
260 386
271 398
197 373
340 512
84 232
464 614
236 397
367 522
112 249
267 369
453 583
258 387
117 269
96 238
177 322
284 433
110 259
438 528
476 622
339 450
370 487
427 606
112 285
63 167
69 233
216 343
152 247
251 406
260 399
398 520
102 213
365 504
418 585
315 446
448 590
241 369
349 480
78 199
330 505
104 284
111 244
226 355
307 408
228 372
462 618
256 408
371 543
69 162
381 523
428 601
418 541
110 253
110 248
351 526
428 572
324 414
462 635
127 294
197 319
186 319
232 374
223 318
431 580
250 354
210 368
317 480
424 531
186 344
428 539
411 549
342 474
357 499
480 587
300 464
202 294
246 364
208 328
348 494
451 619
418 568
385 514
162 283
460 627
377 552
465 601
335 443
442 565
105 268
275 409
77 220
276 414
389 537
251 406
422 599
62 214
301 433
123 226
384 519
175 323
408 572
136 267
440 545
361 472
247 422
477 587
216 358
293 468
466 617
217 375
72 211
147 323
335 496
73 235
311 473
215 307
111 289
327 425
420 519
325 500
471 586
75 187
452 565
179 331
62 231
118 269
406 504
429 523
402 542
236 344
119 246
96 211
326 457
142 253
278 376
130 246
257 371
154 330
457 623
181 323
472 595
219 363
178 336
327 473
221 345
129 273
130 257
372 523
389 518
320 487
236 379
371 536
260 435
331 508
325 447
77 179
476 651
217 366
262 411
128 228
461 615
111 244
455 565
263 420
371 536
339 496
475 593
99 208
355 490
381 477
373 515
353 500
430 576
177 280
78 177
268 385
377 469
199 355
214 327
172 283
246 413
213 386
206 338
76 174
263 380
242 386
158 333
334 469
64 196
341 481
411 541
434 607
62 241
80 250
148 294
119 219
440 587
347 493
354 448
62 225
190 316
427 550
427 563
431 576
473 630
235 393
455 580
94 263
227 384
73 249
443 583
93 229
396 566
189 285
297 463
334 475
195 329
302 429
387 559
368 517
333 453
353 483
189 321
145 300
462 607
292 471
239 374
435 579
278 420
126 265
399 505
216 356
290 453
319 435
121 222
174 296
157 322
315 409
472 584
140 278
470 615
101 260
98 203
346 473
336 466
62 214
295 472
442 583
0 1000
0 1000
0 1000
0 1000
0 1000
0 1000
5 5 5 5 5 5
360 360 360 360 360 360
120 99 138 100 87 119 
99 111 48 75 123 52 
72 91 95 112 103 114 
121 98 147 109 85 130 
120 120 82 77 126 64 
125 127 85 84 134 69 
16 20 44 28 34 43 
79 84 124 122 88 135 
118 97 132 94 87 111 
47 68 30 60 83 53 
100 79 141 109 64 131 
98 84 94 60 81 71 
55 72 84 96 84 101 
83 64 129 101 51 123 
89 85 67 45 88 43 
92 95 53 52 102 35 
28 39 75 72 49 84 
77 77 126 118 78 133 
101 88 97 63 84 73 
97 97 145 138 97 153 
122 101 137 99 90 116 
51 65 89 95 74 103 
68 86 24 62 100 46 
122 122 170 163 121 179 
47 60 87 91 70 100 
46 45 97 87 48 102 
98 120 70 108 135 93 
78 73 129 116 70 133 
51 73 58 81 88 79 
79 83 126 122 86 136 
82 97 112 124 107 130 
109 110 158 151 109 166 
87 104 112 128 115 131 
92 70 114 76 58 97 
26 46 61 68 60 75 
67 68 39 25 75 15 
59 41 106 82 31 103 
103 124 69 108 139 91 
77 99 56 91 114 80 
87 71 95 57 65 74 
91 113 61 98 128 84 
61 67 107 105 72 117 
85 106 56 93 121 79 
102 80 131 94 66 115 
58 50 110 93 46 111 
90 72 138 111 60 133 
111 89 143 107 74 129 
49 42 100 85 41 103 
94 115 100 126 129 122 
129 151 122 154 166 146 
99 77 137 102 62 125 
69 60 63 29 62 41 
100 121 66 104 136 88 
90 70 109 71 59 91 
133 155 124 157 170 148 
115 123 67 81 132 60 
72 91 95 111 103 114 
46 24 81 49 12 71 
23 38 27 29 52 34 
102 101 151 143 100 159 
87 65 110 72 54 93 
107 130 96 129 145 120 
89 94 134 132 97 145 
84 105 95 118 118 116 
88 108 51 89 123 73 
89 108 47 85 123 66 
82 101 44 82 116 66 
123 121 172 164 119 180 
54 77 53 79 92 75 
100 78 138 104 63 126 
90 94 135 133 97 146 
103 103 151 144 103 159 
92 72 111 73 61 92 
99 110 48 72 121 49 
87 104 114 129 115 132 
101 123 83 118 138 107 
68 48 90 52 39 74 
109 104 160 147 101 165 
31 13 78 56 12 76 
106 104 76 62 108 55 
103 125 88 122 140 111 
88 87 56 45 93 35 
56 57 106 97 59 112 
90 68 116 79 55 100 
77 61 126 101 50 122 
56 65 100 100 71 111 
92 76 96 59 71 74 
98 76 140 108 62 130 
84 70 84 48 67 62 
94 110 121 135 119 140 
43 57 83 87 67 96 
108 86 141 105 71 127 
94 117 88 119 131 112 
17 27 67 61 38 74 
86 64 115 78 51 99 
37 23 86 66 20 85 
105 127 100 131 141 124 
94 107 128 138 115 144 
92 94 139 134 96 148 
80 94 29 62 107 41 
75 96 52 87 112 76 
81 81 51 38 87 29 
103 84 115 77 74 95 
88 78 139 121 71 140 
69 54 77 39 50 58 
122 124 80 81 131 65 
26 48 43 57 63 59 
114 93 132 94 81 113 
81 103 76 106 118 99 
91 113 72 107 128 95 
90 79 82 49 78 58 
69 72 37 28 80 15 
109 130 114 141 144 137 
84 103 46 84 118 68 
68 90 46 81 105 70 
77 55 111 75 40 98 
94 90 71 50 93 47 
51 49 101 90 50 107 
95 118 82 116 133 106 
101 84 108 71 77 86 
82 76 134 119 72 137 
31 54 46 62 69 64 
73 90 26 64 104 46 
53 33 98 72 21 94 
34 35 85 75 41 90 
64 45 84 46 37 68 
105 98 86 62 99 62 
70 78 114 114 83 125 
75 89 24 59 103 38 
98 121 89 121 135 113 
61 66 108 104 70 117 
40 23 64 31 23 53 
96 112 48 83 126 62 
85 88 47 45 96 28 
87 108 101 123 121 122 
59 38 103 75 24 97 
112 89 145 109 74 131 
91 69 127 92 54 114 
84 92 38 51 102 30 
96 117 101 127 131 123 
102 124 98 129 138 122 
64 85 83 102 97 103 
54 32 88 55 19 77 
112 109 80 68 113 59 
127 135 78 93 144 72 
75 88 23 55 101 34 
80 58 112 76 43 98 
121 120 171 162 118 178 
123 101 150 113 87 133 
58 79 77 95 92 97 
119 115 169 158 112 175 
45 62 79 88 73 94 
82 59 115 80 45 102 
112 89 137 99 76 119 
109 105 80 64 108 58 
55 46 106 89 42 108 
80 101 89 113 115 110 
42 56 82 86 66 95 
118 96 143 105 82 125 
100 79 141 108 64 131 
77 83 123 121 86 133 
130 127 180 169 124 186 
32 39 80 75 47 88 
42 64 38 63 79 59 
72 94 58 90 109 81 
97 112 47 78 125 56 
35 21 84 65 20 84 
43 26 90 68 18 88 
96 85 147 128 78 148 
93 111 50 88 126 69 
91 70 133 102 55 125 
50 27 86 55 13 77 
97 102 142 141 105 153 
113 108 164 151 103 169 
100 94 77 55 96 54 
104 98 155 141 94 159 
118 125 70 83 134 63 
109 131 83 120 146 105 
73 93 86 108 107 107 
75 54 96 58 44 79 
53 31 95 66 17 88 
84 72 80 45 70 57 
108 129 117 142 142 139 
71 50 112 80 34 102 
73 94 42 79 109 65 
96 74 136 102 59 125 
113 117 71 74 124 57 
41 62 63 78 76 81 
28 26 79 67 32 83 
106 83 143 109 68 132 
97 80 102 66 74 81 
65 44 90 53 34 75 
112 135 101 135 150 125 
70 79 24 40 89 17 
86 98 122 130 106 138 
24 42 27 36 56 38 
88 97 129 133 103 143 
89 89 138 130 88 146 
19 21 70 59 31 74 
103 106 62 63 113 46 
95 85 84 54 84 61 
96 91 72 51 94 49 
105 102 155 145 99 161 
92 103 42 64 114 42 
75 58 123 98 46 119 
89 106 41 76 119 55 
79 77 53 35 82 30 
89 111 92 119 125 115 
132 110 152 114 97 133 
83 86 129 126 88 139 
117 96 136 98 84 117 
110 124 59 89 136 67 
69 86 99 111 97 116 
39 61 50 69 76 69 
62 81 85 101 93 104 
79 101 51 88 116 74 
53 31 82 48 21 70 
128 106 152 114 93 134 
106 128 92 126 143 116 
96 106 136 141 112 150 
72 51 99 62 39 84 
93 72 135 104 57 126 
92 114 84 115 129 107 
81 102 49 86 117 72 
81 96 31 63 108 41 
98 76 120 82 64 103 
79 65 129 107 55 127 
66 44 108 78 29 100 
69 76 113 113 81 124 
72 82 112 116 89 126 
91 111 110 129 122 130 
115 124 65 83 134 61 
34 25 85 68 25 86 
84 87 46 43 94 28 
128 151 118 151 165 141 
93 98 49 56 107 36 
121 126 77 83 133 65 
34 35 85 75 40 91 
110 106 160 149 102 165 
70 61 65 30 61 43 
105 83 143 108 68 131 
115 137 117 146 151 140 
81 79 55 37 84 31 
42 60 18 47 75 39 
102 99 152 141 96 158 
81 76 131 119 74 136 
72 93 86 108 107 107 
82 103 53 90 118 76 
68 61 119 104 57 122 
124 130 78 88 139 68 
93 112 114 133 123 134 
125 134 75 93 144 72 
65 57 58 24 60 36 
16 35 59 60 48 70 
78 69 129 112 63 131 
50 41 54 16 44 37 
100 77 126 89 64 110 
41 61 21 49 76 43 
87 68 132 104 54 126 
70 77 29 36 87 14 
116 126 66 85 136 63 
60 71 100 104 79 114 
122 118 172 161 116 178 
104 87 109 73 80 87 
106 91 107 72 85 85 
54 55 33 12 64 12 
33 53 65 74 66 80 
70 92 69 97 107 92 
71 52 117 90 39 112 
79 90 28 54 102 31 
44 24 72 39 18 62 
120 129 70 89 140 67 
68 86 25 63 100 47 
91 81 80 49 81 56 
86 98 36 61 110 39 
66 87 39 75 102 63 
102 106 147 145 108 158 
111 133 109 139 147 133 
78 91 113 121 100 128 
74 96 61 94 111 85 
41 59 14 42 73 35 
75 83 117 119 89 130 
92 75 141 115 64 137 
52 65 93 96 73 106 
109 130 115 142 143 138 
57 66 101 101 73 112 
95 113 50 87 127 67 
19 40 56 61 53 69 
64 42 94 58 30 80 
95 100 53 57 108 38 
113 111 80 69 115 60 
98 82 103 66 75 81 
26 47 33 48 62 49 
85 108 65 100 123 89 
88 65 117 80 51 102 
77 70 65 35 72 42 
39 30 89 73 29 91 
95 112 121 136 122 139 
56 75 20 57 90 44 
93 99 47 57 108 37 
94 79 96 60 74 73 
127 105 147 109 93 128 
55 75 25 60 90 49 
50 53 98 92 57 106 
109 121 58 83 133 61 
65 85 87 104 97 106 
89 111 90 118 125 113 
95 113 50 87 127 68 
64 45 111 85 34 106 
73 65 124 108 60 127 
113 111 163 153 109 170 
84 85 133 126 85 141 
72 90 29 67 104 50 
85 65 130 101 52 124 
60 61 38 18 68 14 
34 26 85 69 28 87 
99 80 112 74 71 92 
71 52 89 50 44 71 
104 111 58 68 120 48 
96 96 144 138 97 152 
64 44 88 51 34 73 
70 61 61 28 63 39 
107 102 81 62 104 59 
96 97 60 54 103 40 
89 92 136 132 94 146 
95 93 145 135 91 151 
125 147 109 144 162 133 
101 121 116 138 133 138 
77 99 81 107 113 104 
95 105 134 139 111 148 
49 57 17 22 68 8 
76 67 127 111 62 129 
67 53 117 95 45 116 
52 30 85 52 17 74 
114 114 76 71 120 58 
59 66 106 103 71 116 
77 61 87 49 55 67 
110 87 142 105 72 127 
57 74 13 51 88 36 
27 11 60 32 19 53 
56 58 34 15 66 11 
45 26 91 67 17 88 
109 131 106 136 145 129 
56 56 106 97 59 112 
87 71 136 110 59 132 
93 73 137 107 59 129 
114 92 146 109 77 131 
41 42 91 82 47 97 
121 98 149 112 84 133 
71 56 120 98 48 119 
28 37 76 72 47 85 
97 113 48 81 126 60 
99 120 101 129 134 124 
102 117 51 84 130 62 
90 109 48 86 124 68 
107 101 83 63 103 60 
53 69 87 96 79 103 
129 108 148 110 95 128 
88 86 60 44 91 38 
95 92 69 51 95 46 
120 99 72 121 120 125 16 79 118 47 100 98 55 83 89 92 28 77 101 97 122 51 68 122 47 46 98 78 51 79 82 109 87 92 26 67 59 103 77 87 91 61 85 102 58 90 111 49 94 129 99 69 100 90 133 115 72 46 23 102 87 107 89 84 88 89 82 123 54 100 90 103 92 99 87 101 68 109 31 106 103 88 56 90 77 56 92 98 84 94 43 108 94 17 86 37 105 94 92 80 75 81 103 88 69 122 26 114 81 91 90 69 109 84 68 77 94 51 95 101 82 31 73 53 34 64 105 70 75 98 61 40 96 85 87 59 112 91 84 96 102 64 54 112 127 75 80 121 123 58 119 45 82 112 109 55 80 42 118 100 77 130 32 42 72 97 35 43 96 93 91 50 97 113 100 104 118 109 73 75 53 84 108 71 73 96 113 41 28 106 97 65 112 70 86 24 88 89 19 103 95 96 105 92 75 89 79 89 132 83 117 110 69 39 62 79 53 128 106 96 72 93 92 81 81 98 79 66 69 72 91 115 34 84 128 93 121 34 110 70 105 115 81 42 102 81 72 82 68 124 93 125 65 16 78 50 100 41 87 70 116 60 122 104 106 54 33 70 71 79 44 120 68 91 86 66 102 111 78 74 41 75 92 52 109 57 95 19 64 95 113 98 26 85 88 77 39 95 56 93 94 127 55 50 109 65 89 95 64 73 113 84 72 85 60 34 99 71 104 96 64 70 107 96 89 95 125 101 77 95 49 76 67 52 114 59 77 110 57 27 56 45 109 56 87 93 114 41 121 71 28 97 99 102 90 107 53 129 88 95 
99 111 91 98 120 127 20 84 97 68 79 84 72 64 85 95 39 77 88 97 101 65 86 122 60 45 120 73 73 83 97 110 104 70 46 68 41 124 99 71 113 67 106 80 50 72 89 42 115 151 77 60 121 70 155 123 91 24 38 101 65 130 94 105 108 108 101 121 77 78 94 103 72 110 104 123 48 104 13 104 125 87 57 68 61 65 76 76 70 110 57 86 117 27 64 23 127 107 94 94 96 81 84 78 54 124 48 93 103 113 79 72 130 103 90 55 90 49 118 84 76 54 90 33 35 45 98 78 89 121 66 23 112 88 108 38 89 69 92 117 124 85 32 109 135 88 58 120 101 79 115 62 59 89 105 46 101 56 96 79 83 127 39 64 94 112 21 26 85 111 70 27 102 108 94 98 125 131 93 54 31 72 129 50 94 74 117 62 26 83 80 44 135 79 98 42 97 89 21 106 85 91 102 103 58 106 77 111 110 86 96 124 86 61 81 101 31 106 128 106 51 72 114 102 96 76 65 44 76 82 111 124 25 87 151 98 126 35 106 61 83 137 79 60 99 76 93 103 61 130 112 134 57 35 69 41 77 61 68 77 126 71 118 87 91 55 53 92 52 90 24 129 86 81 98 87 106 133 91 96 59 83 75 65 130 66 113 40 42 100 111 82 47 108 65 70 30 112 75 99 79 105 75 53 121 85 111 113 45 65 111 85 90 65 61 26 80 52 111 96 44 61 102 97 92 93 147 121 99 105 57 67 53 30 114 66 61 87 74 11 58 26 131 56 71 73 92 42 98 56 37 113 120 117 109 101 69 108 86 92 
138 48 95 147 82 85 44 124 132 30 141 94 84 129 67 53 75 126 97 145 137 89 24 170 87 97 70 129 58 126 112 158 112 114 61 39 106 69 56 95 61 107 56 131 110 138 143 100 100 122 137 63 66 109 124 67 95 81 27 151 110 96 134 95 51 47 44 172 53 138 135 151 111 48 114 83 90 160 78 76 88 56 106 116 126 100 96 140 84 121 83 141 88 67 115 86 100 128 139 29 52 51 115 139 77 80 43 132 76 72 82 37 114 46 46 111 71 101 82 108 134 46 26 98 85 84 86 114 24 89 108 64 48 47 101 103 145 127 38 101 98 83 88 80 78 23 112 171 150 77 169 79 115 137 80 106 89 82 143 141 123 180 80 38 58 47 84 90 147 50 133 86 142 164 77 155 70 83 86 96 95 80 117 112 42 136 71 63 79 143 102 90 101 24 122 27 129 138 70 62 84 72 155 42 123 41 53 92 152 129 136 59 99 50 85 51 82 152 92 136 99 135 84 49 31 120 129 108 113 112 110 65 85 46 118 49 77 85 160 65 143 117 55 18 152 131 86 53 119 78 114 75 58 59 129 54 126 21 132 29 66 100 172 109 107 33 65 69 117 28 72 70 25 80 36 39 147 109 113 61 14 117 141 93 115 101 50 56 94 53 80 103 33 65 117 65 89 121 20 47 96 147 25 98 58 87 90 50 111 124 163 133 29 130 38 85 112 89 58 144 88 61 81 60 136 145 109 116 81 134 17 127 117 85 76 106 87 142 13 60 34 91 106 106 136 137 146 91 149 120 76 48 101 51 48 83 87 148 60 69 
100 75 112 109 77 84 28 122 94 60 109 60 96 101 45 52 72 118 63 138 99 95 62 163 91 87 108 116 81 122 124 151 128 76 68 25 82 108 91 57 98 105 93 94 93 111 107 85 126 154 102 29 104 71 157 81 111 49 29 143 72 129 132 118 89 85 82 164 79 104 133 144 73 72 129 118 52 147 56 62 122 45 97 79 101 100 59 108 48 135 87 105 119 61 78 66 131 138 134 62 87 38 77 121 39 81 57 94 106 107 49 28 141 84 81 75 50 90 116 71 119 62 64 72 75 46 62 114 59 121 104 31 83 45 123 75 109 92 51 127 129 102 55 68 93 55 76 162 113 95 158 88 80 99 64 89 113 86 105 108 121 169 75 63 90 78 65 68 128 88 102 55 141 151 55 141 83 120 108 58 66 45 142 80 79 102 74 78 67 109 66 53 135 40 130 36 133 130 59 63 54 51 145 64 98 76 35 119 114 126 98 89 111 69 101 88 48 114 126 141 62 104 115 86 63 82 107 78 113 116 129 83 68 43 151 56 83 75 149 30 108 146 37 47 141 119 108 90 104 88 133 93 24 60 112 16 89 49 104 36 85 104 161 73 72 12 74 97 90 54 39 89 63 49 61 75 145 139 121 94 42 119 115 96 142 101 87 61 58 57 69 66 48 100 80 35 73 136 57 57 60 109 60 92 83 104 118 87 85 108 153 126 67 101 18 69 74 50 68 138 51 28 62 54 132 135 144 138 107 139 22 111 95 52 71 103 49 105 51 32 15 67 136 97 110 107 109 82 112 98 72 81 129 84 86 63 96 110 44 51 
87 123 103 85 126 134 34 88 87 83 64 81 84 51 88 102 49 78 84 97 90 74 100 121 70 48 135 70 88 86 107 109 115 58 60 75 31 139 114 65 128 72 121 66 46 60 74 41 129 166 62 62 136 59 170 132 103 12 52 100 54 145 97 118 123 123 116 119 92 63 97 103 61 121 115 138 39 101 12 108 140 93 59 55 50 71 71 62 67 119 67 71 131 38 51 20 141 115 96 107 112 87 74 71 50 131 63 81 118 128 78 80 144 118 105 40 93 50 133 77 72 69 104 21 41 37 99 83 103 135 70 23 126 96 121 24 74 54 102 131 138 97 19 113 144 101 43 118 87 92 112 73 45 76 108 42 115 66 82 64 86 124 47 79 109 125 20 18 78 126 55 13 105 103 96 94 134 146 107 44 17 70 142 34 109 59 124 76 32 68 74 34 150 89 106 56 103 88 31 113 84 94 99 114 46 119 82 125 97 88 84 136 97 76 93 116 21 93 143 112 39 57 129 117 108 64 55 29 81 89 122 134 25 94 165 107 133 40 102 61 68 151 84 75 96 74 107 118 57 139 123 144 60 48 63 44 64 76 54 87 136 79 116 80 85 64 66 107 39 102 18 140 100 81 110 102 108 147 100 111 73 89 64 73 143 73 127 53 30 108 115 75 62 123 51 72 29 122 90 108 74 93 90 57 133 97 125 127 34 60 109 85 104 52 68 28 71 44 120 97 34 63 104 103 94 91 162 133 113 111 68 62 45 17 120 71 55 72 88 19 66 17 145 59 59 59 77 47 84 48 47 126 134 130 124 103 79 95 91 95 
119 52 114 130 64 69 43 135 111 53 131 71 101 123 43 35 84 133 73 153 116 103 46 179 100 102 93 133 79 136 130 166 131 97 75 15 103 91 80 74 84 117 79 115 111 133 129 103 122 146 125 41 88 91 148 60 114 71 34 159 93 120 145 116 73 66 66 180 75 126 146 159 92 49 132 107 74 165 76 55 111 35 112 100 122 111 74 130 62 140 96 127 112 74 99 85 124 144 148 41 76 29 95 140 58 65 59 113 99 95 58 15 137 68 70 98 47 107 106 86 137 64 46 94 90 68 62 125 38 113 117 53 62 28 122 97 131 114 30 123 122 103 77 59 72 34 98 178 133 97 175 94 102 119 58 108 110 95 125 131 133 186 88 59 81 56 84 88 148 69 125 77 153 169 54 159 63 105 107 79 88 57 139 102 65 125 57 81 83 132 81 75 125 17 138 38 143 146 74 46 61 49 161 42 119 55 30 115 133 139 117 67 116 69 104 74 70 134 116 150 84 126 107 72 41 103 127 100 124 126 130 61 86 28 141 36 65 91 165 43 131 140 31 39 158 136 107 76 122 68 134 72 36 70 131 37 110 43 126 14 63 114 178 87 85 12 80 92 112 31 62 67 47 56 39 63 158 133 128 85 35 130 137 106 138 112 67 69 80 38 60 81 49 89 102 42 91 139 44 37 73 128 49 106 61 106 113 68 106 127 170 141 50 124 14 87 92 71 48 152 73 39 59 40 146 151 133 138 104 148 8 129 116 74 58 116 67 127 36 53 11 88 129 112 132 129 131 97 133 119 85 60 124 62 68 60 103 128 38 46 
3
1 2
10 8
200 300