600
4
218 393
252 407
65 194
111 284
367 517
426 586
204 353
355 513
311 432
192 342
302 439
453 573
137 266
278 414
320 485
70 184
62 218
342 497
419 559
332 470
166 269
295 419
355 447
254 391
62 194
395 505
361 532
394 565
64 237
173 344
332 489
132 233
345 507
153 320
297 436
198 330
277 432
94 224
97 190
136 274
409 569
240 405
126 235
431 570
339 456
439 603
314 429
464 591
365 485
209 333
121 259
244 377
105 195
277 381
465 591
276 408
356 502
398 520
275 392
293 414
332 425
74 193
138 236
298 429
375 466
437 598
400 576
187 338
306 400
273 400
179 338
115 205
353 509
414 567
479 589
84 248
177 285
370 493
182 313
333 482
343 439
344 520
185 328
201 377
280 435
73 241
279 385
269 375
200 316
472 623
111 281
464 584
139 259
289 401
215 327
324 502
159 255
407 503
425 564
416 516
412 561
115 254
231 348
376 534
132 282
91 198
353 517
393 494
324 478
137 274
234 351
386 536
240 389
299 428
135 308
186 357
287 398
207 307
373 463
260 394
173 339
231 332
269 437
129 307
454 572
409 585
153 326
123 288
128 288
260 430
353 479
300 392
188 287
192 339
319 444
344 443
262 387
79 194
316 425
181 361
354 471
96 217
203 344
476 585
479 593
313 446
298 427
129 302
467 612
427 577
143 235
269 393
79 224
329 456
64 163
170 272
476 650
142 308
95 207
97 237
268 429
453 574
320 410
287 396
61 214
432 568
195 292
152 245
277 457
239 403
313 461
231 366
293 387
175 317
98 219
271 425
444 565
302 451
297 455
440 535
69 230
363 465
69 231
86 230
100 212
418 513
247 412
169 302
176 277
367 522
241 337
232 406
262 401
372 509
247 379
395 523
198 331
247 379
393 517
315 426
480 612
261 440
410 556
259 425
467 628
315 414
154 317
175 296
404 534
433 608
280 456
326 467
213 382
149 262
418 535
430 527
361 525
203 327
359 497
414 518
110 244
267 416
74 242
126 292
472 592
92 205
400 509
313 470
227 334
321 413
223 319
119 216
192 328
65 229
199 323
460 552
383 486
61 195
315 443
238 394
272 380
265 384
110 233
413 543
398 555
137 274
82 207
229 331
234 356
205 313
129 277
101 213
296 469
347 487
378 508
475 642
451 556
100 219
160 272
169 277
410 538
470 583
141 313
350 456
359 476
207 316
479 651
181 302
326 428
164 310
329 444
148 246
190 326
123 216
208 328
458 588
257 427
466 636
173 330
267 365
401 577
278 413
462 570
153 266
199 359
63 210
324 420
280 429
221 359
270 414
304 474
89 181
170 298
112 286
306 457
296 447
117 232
277 420
363 481
137 231
387 513
459 627
233 400
122 291
156 257
379 520
421 600
162 312
404 514
477 649
95 190
266 368
468 571
246 351
341 449
443 537
238 389
361 508
442 584
328 459
470 629
411 553
229 333
85 257
133 307
247 352
114 243
225 332
402 566
188 357
130 296
461 632
185 314
377 534
72 201
121 294
303 432
176 296
155 254
181 332
352 484
443 543
256 373
163 271
151 300
303 394
97 194
81 179
144 293
196 328
447 570
206 381
143 261
222 358
293 395
303 441
317 466
405 504
289 423
210 327
417 590
157 328
91 202
175 307
444 546
212 384
367 515
202 363
356 479
79 235
103 247
451 551
164 288
63 156
178 313
127 275
407 502
186 339
333 479
270 375
477 615
408 570
468 615
262 383
84 209
249 355
84 236
368 483
110 253
85 209
266 371
462 558
96 207
180 292
330 456
338 462
469 611
105 220
425 541
177 294
402 534
473 635
357 531
235 370
310 440
160 271
443 602
451 580
210 344
154 269
394 520
64 187
356 533
395 508
454 604
267 446
193 334
207 342
396 538
412 507
311 426
351 519
383 498
285 459
396 553
212 375
229 389
272 394
184 276
62 218
418 574
298 419
390 570
89 184
77 257
67 193
215 385
378 514
350 521
307 409
394 560
196 326
70 202
467 642
97 220
350 481
349 522
64 183
124 238
124 233
206 311
373 490
108 286
235 354
346 450
304 419
408 573
142 301
447 570
240 415
283 406
136 229
307 479
464 642
461 579
456 547
138 263
408 514
130 231
243 373
316 450
171 350
176 307
187 302
301 432
214 393
182 311
154 257
174 319
448 558
258 431
113 251
330 477
364 491
316 487
270 447
92 268
239 371
360 473
332 501
283 438
119 256
436 562
448 546
83 192
78 185
186 292
197 293
193 295
235 404
223 353
99 251
269 447
288 437
174 278
83 251
313 446
227 317
107 250
327 492
101 241
395 506
390 556
271 390
385 536
313 467
455 620
174 301
69 219
451 571
268 443
440 532
405 499
456 610
430 540
416 579
414 565
267 399
417 515
179 280
173 287
76 213
76 176
184 294
242 389
125 277
282 425
388 489
465 568
104 246
400 573
271 400
430 521
350 519
173 342
266 380
77 207
453 588
477 636
79 218
348 500
355 485
434 562
209 368
302 425
213 381
69 213
171 277
405 525
464 575
312 470
70 170
468 566
183 361
360 488
365 460
66 195
166 314
360 498
388 543
159 290
329 499
327 434
234 381
427 601
382 525
182 278
66 228
452 544
435 595
417 594
475 633
298 455
284 442
347 493
73 214
177 290
246 417
471 594
107 220
143 235
391 502
405 502
177 306
425 560
103 234
109 279
319 490
133 238
309 420
0 1000
0 1000
0 1000
0 1000
2 2 2 2
600 600 600 600
75 53 114 81 
107 130 99 131 
130 108 155 117 
69 48 111 81 
125 148 118 150 
30 49 25 42 
58 56 109 98 
107 101 158 144 
79 57 112 77 
119 120 167 162 
103 125 105 133 
94 72 127 91 
62 48 112 91 
104 97 156 140 
83 105 85 112 
12 18 64 53 
76 57 91 53 
81 91 120 125 
15 37 43 48 
71 64 122 108 
120 123 77 80 
110 133 97 131 
45 26 72 37 
70 93 65 94 
98 116 54 92 
72 83 111 116 
33 47 17 29 
72 83 111 116 
113 135 94 129 
48 27 91 64 
40 21 86 62 
70 73 117 113 
106 90 108 72 
83 63 99 61 
54 77 47 76 
91 83 76 48 
29 45 69 72 
117 95 142 104 
93 95 140 136 
107 100 158 143 
99 77 136 102 
89 102 123 133 
108 111 155 151 
85 79 137 122 
65 70 30 27 
77 99 51 87 
98 108 48 69 
93 82 85 53 
88 103 118 130 
90 113 73 108 
128 106 148 110 
102 94 154 138 
59 48 110 92 
127 130 83 87 
94 77 102 65 
88 93 45 51 
127 135 77 94 
80 95 30 66 
37 58 62 75 
82 61 125 95 
70 81 110 114 
114 136 93 129 
102 82 119 81 
95 117 76 111 
60 39 90 54 
92 74 139 111 
89 81 75 46 
110 90 129 90 
104 83 125 87 
94 101 137 138 
46 37 52 14 
107 110 153 150 
102 124 81 116 
75 96 88 110 
48 39 99 83 
102 125 84 119 
43 66 47 70 
120 126 74 83 
90 70 135 106 
112 91 132 94 
48 50 97 90 
103 125 109 136 
43 44 93 84 
95 93 66 51 
71 50 92 55 
105 119 54 83 
94 85 146 128 
85 108 84 113 
111 134 104 136 
28 32 79 70 
120 120 168 162 
66 84 23 61 
90 73 138 113 
90 107 115 131 
93 96 55 53 
113 121 64 79 
55 54 105 96 
89 112 86 116 
65 60 115 103 
95 73 116 78 
65 43 103 70 
25 20 76 61 
53 72 80 93 
76 63 78 42 
72 62 67 32 
70 68 121 110 
107 129 106 136 
94 73 116 78 
69 78 112 113 
87 65 113 75 
104 82 124 86 
67 49 81 43 
112 116 68 73 
108 86 139 102 
106 100 157 144 
61 59 112 101 
61 48 111 91 
128 136 79 94 
15 27 37 29 
96 118 70 107 
88 90 136 131 
77 55 118 87 
65 49 76 38 
111 118 63 76 
90 84 141 128 
48 44 99 86 
41 44 91 83 
62 84 49 80 
78 77 51 35 
94 73 113 75 
42 64 56 75 
23 28 74 65 
104 86 115 77 
85 95 36 56 
82 60 119 85 
65 70 111 108 
110 113 155 153 
110 108 159 150 
82 87 42 44 
70 49 93 56 
80 61 95 57 
63 76 12 45 
72 94 64 94 
106 88 113 76 
117 126 67 85 
61 75 98 105 
111 111 160 153 
110 88 146 110 
94 113 115 133 
86 101 36 70 
92 104 127 135 
88 106 45 83 
109 104 160 148 
99 121 100 129 
53 64 95 97 
83 94 33 56 
8 31 47 47 
82 98 110 123 
122 144 120 150 
36 50 77 80 
110 131 118 144 
87 73 137 115 
52 58 22 19 
68 53 76 38 
94 71 129 94 
125 130 80 87 
35 47 80 80 
80 74 131 117 
103 107 149 147 
101 99 72 57 
86 100 119 129 
91 113 71 106 
100 78 129 92 
100 119 59 97 
75 96 46 83 
80 103 71 103 
114 116 161 157 
98 77 141 109 
122 119 171 162 
129 135 82 92 
57 51 109 94 
115 114 81 71 
83 60 121 87 
67 89 63 91 
53 56 30 14 
95 118 79 113 
58 42 72 34 
84 85 133 126 
83 83 52 40 
98 119 110 133 
46 23 86 57 
75 97 52 88 
121 122 169 163 
70 52 118 92 
39 58 69 79 
104 84 120 81 
63 50 113 92 
86 68 133 107 
91 108 43 79 
83 105 58 94 
65 73 109 109 
93 114 59 97 
78 73 129 116 
94 101 47 60 
86 64 127 96 
79 97 104 120 
90 90 56 47 
79 98 98 117 
93 90 67 49 
68 46 107 75 
100 77 132 96 
92 114 73 108 
84 100 112 126 
93 115 76 110 
95 117 93 122 
104 94 90 62 
10 14 52 37 
35 18 62 31 
46 24 87 59 
105 83 128 90 
38 60 61 75 
126 124 176 166 
103 83 119 81 
69 58 120 102 
105 126 73 111 
66 89 68 94 
88 102 120 131 
75 60 81 43 
92 92 59 49 
97 101 56 58 
81 81 129 122 
101 101 150 143 
89 69 134 105 
117 139 99 134 
47 45 98 87 
78 99 49 86 
93 108 43 75 
104 85 116 79 
40 17 78 49 
72 94 58 90 
63 42 89 53 
133 111 155 117 
68 51 79 41 
102 105 61 62 
91 79 142 122 
85 102 110 126 
53 41 104 85 
97 106 136 141 
70 62 62 28 
105 83 143 109 
81 89 123 125 
69 77 112 113 
40 24 62 28 
81 74 69 39 
62 80 88 102 
102 82 116 78 
43 20 79 49 
125 126 84 83 
83 101 39 77 
84 65 131 103 
60 79 24 61 
100 99 150 141 
70 53 118 93 
96 95 145 137 
52 57 25 17 
115 114 164 156 
90 68 124 89 
98 83 99 64 
87 107 53 91 
114 136 115 144 
53 43 59 20 
110 133 100 133 
114 92 145 108 
84 73 135 115 
120 100 138 99 
77 78 47 34 
56 78 56 82 
82 80 56 38 
66 53 71 33 
98 91 149 134 
104 110 59 67 
100 119 60 98 
107 116 58 75 
93 71 131 97 
29 38 77 73 
105 126 113 139 
49 37 100 80 
88 96 41 55 
102 123 68 106 
26 46 59 66 
96 84 91 58 
49 67 14 49 
89 82 140 125 
78 82 40 39 
59 36 98 67 
113 91 139 101 
104 99 154 142 
54 34 80 45 
92 110 47 84 
73 96 61 93 
31 45 20 30 
84 62 113 76 
79 94 110 121 
83 90 37 49 
55 51 106 94 
98 90 82 55 
37 14 75 46 
109 119 59 80 
127 131 82 88 
111 105 162 149 
102 98 152 141 
84 101 108 124 
67 88 77 100 
83 63 99 61 
98 120 105 131 
79 94 29 62 
94 83 145 126 
55 51 106 94 
76 63 76 40 
62 81 87 102 
44 66 61 79 
49 66 83 92 
89 111 92 119 
110 107 81 66 
102 85 107 70 
109 122 58 88 
104 81 140 104 
25 35 73 69 
24 37 71 69 
88 102 37 67 
90 90 138 132 
84 68 133 108 
117 140 102 137 
54 54 104 95 
78 100 56 91 
80 69 131 112 
89 102 122 132 
106 83 140 104 
70 56 120 98 
98 77 140 108 
54 58 103 97 
75 64 73 37 
60 82 61 87 
122 144 116 148 
90 104 121 132 
38 20 85 62 
94 111 116 134 
71 62 122 106 
110 113 157 153 
71 81 112 115 
51 40 101 83 
101 100 151 142 
134 140 87 97 
73 53 93 55 
97 76 139 108 
125 128 82 85 
92 82 81 50 
35 19 83 62 
59 40 106 80 
77 95 33 71 
100 122 101 129 
67 44 104 71 
88 66 128 96 
66 59 117 102 
81 61 126 97 
83 71 134 114 
94 100 137 138 
106 85 124 86 
67 64 118 106 
15 37 49 53 
108 110 154 151 
114 92 138 100 
76 98 79 106 
62 62 111 103 
44 49 26 11 
75 91 103 116 
109 110 156 151 
46 24 86 56 
77 55 115 81 
80 66 82 45 
65 76 104 109 
90 112 62 99 
116 139 103 137 
99 122 88 121 
45 54 90 89 
46 52 94 90 
50 59 15 24 
82 77 64 38 
70 92 49 84 
78 75 55 34 
99 86 95 61 
88 77 139 120 
129 132 86 89 
58 81 63 88 
38 60 29 54 
97 103 52 61 
119 141 112 144 
83 105 69 102 
67 63 118 105 
63 81 21 59 
91 110 109 129 
86 106 99 122 
100 88 91 60 
53 30 91 59 
86 86 134 127 
99 121 100 129 
133 111 157 119 
77 80 41 36 
99 91 150 134 
116 127 64 89 
101 123 105 132 
49 66 82 91 
30 53 50 64 
127 105 149 111 
110 113 69 70 
25 46 31 44 
124 133 74 93 
99 90 86 57 
49 41 51 13 
112 91 132 94 
60 81 76 95 
110 88 135 97 
61 76 10 46 
71 54 85 47 
81 89 35 48 
63 42 107 79 
38 33 44 10 
96 96 145 138 
107 88 116 78 
25 37 27 25 
92 83 143 127 
26 11 59 33 
96 113 48 84 
70 89 28 67 
130 108 154 116 
81 58 115 80 
74 93 96 114 
32 54 38 57 
56 78 64 87 
94 111 47 83 
112 135 109 140 
95 75 139 109 
77 82 37 39 
51 60 13 26 
77 95 102 118 
109 131 102 134 
31 51 26 45 
96 99 142 139 
75 52 110 76 
57 34 95 63 
119 126 71 83 
133 139 86 96 
93 72 136 106 
64 71 110 108 
112 134 108 139 
95 96 60 53 
63 41 95 60 
73 50 103 68 
94 78 143 118 
53 54 103 94 
100 109 50 69 
54 71 86 96 
71 54 83 45 
98 110 47 73 
91 89 141 131 
116 117 78 74 
100 123 79 115 
88 83 68 44 
101 82 112 74 
88 66 129 96 
94 94 61 51 
29 10 64 36 
49 65 84 92 
77 87 117 121 
123 102 142 104 
87 72 90 54 
79 87 122 123 
118 141 104 138 
125 130 78 87 
101 103 64 59 
85 68 133 108 
71 94 63 93 
94 117 83 116 
134 139 87 96 
60 68 18 30 
70 86 23 60 
90 82 141 125 
46 28 69 33 
85 64 106 68 
88 74 138 116 
93 105 128 136 
43 60 80 86 
116 118 163 159 
21 32 69 65 
56 51 49 14 
41 63 39 63 
110 88 143 107 
99 112 48 77 
109 111 69 68 
74 92 98 114 
92 70 133 100 
34 42 24 17 
29 50 54 66 
90 85 141 128 
63 68 27 27 
105 102 155 145 
66 47 82 44 
112 116 69 73 
76 54 118 88 
78 82 125 122 
38 31 89 74 
99 107 142 144 
70 88 26 64 
94 112 116 133 
58 65 20 27 
91 74 139 113 
92 96 138 135 
62 84 55 84 
64 49 72 34 
78 80 127 121 
90 112 63 100 
102 96 152 139 
69 91 49 83 
36 22 58 25 
94 115 63 101 
103 105 65 62 
84 66 97 58 
93 102 133 137 
75 78 41 35 
91 69 131 99 
112 90 143 106 
120 143 107 141 
67 84 20 57 
53 65 94 97 
135 140 90 96 
96 98 144 139 
80 58 109 73 
70 90 87 107 
131 108 156 118 
47 44 98 86 
27 48 32 48 
67 55 68 31 
110 111 71 68 
94 116 76 111 
106 128 76 114 
95 73 133 98 
56 77 28 63 
91 112 57 95 
83 106 73 105 
69 62 60 27 
61 82 77 97 
91 91 140 133 
67 70 114 110 
52 35 71 34 
9 25 42 35 
101 93 153 136 
86 108 72 105 
95 118 86 118 
89 103 38 69 
63 66 33 23 
52 68 87 95 
93 110 119 134 
127 136 78 95 
91 72 136 107 
121 129 72 87 
79 101 56 91 
110 131 117 143 
36 25 86 69 
110 113 69 70 
101 98 152 141 
85 99 118 128 
42 60 75 84 
101 123 74 111 
74 55 90 52 
66 87 37 73 
108 104 79 63 
76 91 108 119 
103 95 85 59 
133 111 155 117 
88 89 137 130 
96 76 140 109 
74 56 121 95 
58 77 83 98 
47 28 93 68 
69 49 93 56 
48 70 45 71 
94 107 43 71 
90 96 133 134 
88 81 139 125 
44 61 78 86 
86 84 136 126 
104 82 140 105 
92 115 83 115 
40 24 88 67 
97 115 51 88 
85 105 47 85 
118 96 145 108 
81 87 126 125 
80 100 97 117 
89 74 91 55 
75 107 130 69 125 30 58 107 79 119 103 94 62 104 83 12 76 81 15 71 120 110 45 70 98 72 33 72 113 48 40 70 106 83 54 91 29 117 93 107 99 89 108 85 65 77 98 93 88 90 128 102 59 127 94 88 127 80 37 82 70 114 102 95 60 92 89 110 104 94 46 107 102 75 48 102 43 120 90 112 48 103 43 95 71 105 94 85 111 28 120 66 90 90 93 113 55 89 65 95 65 25 53 76 72 70 107 94 69 87 104 67 112 108 106 61 61 128 15 96 88 77 65 111 90 48 41 62 78 94 42 23 104 85 82 65 110 110 82 70 80 63 72 106 117 61 111 110 94 86 92 88 109 99 53 83 8 82 122 36 110 87 52 68 94 125 35 80 103 101 86 91 100 100 75 80 114 98 122 129 57 115 83 67 53 95 58 84 83 98 46 75 121 70 39 104 63 86 91 83 65 93 78 94 86 79 90 79 93 68 100 92 84 93 95 104 10 35 46 105 38 126 103 69 105 66 88 75 92 97 81 101 89 117 47 78 93 104 40 72 63 133 68 102 91 85 53 97 70 105 81 69 40 81 62 102 43 125 83 84 60 100 70 96 52 115 90 98 87 114 53 110 114 84 120 77 56 82 66 98 104 100 107 93 29 105 49 88 102 26 96 49 89 78 59 113 104 54 92 73 31 84 79 83 55 98 37 109 127 111 102 84 67 83 98 79 94 55 76 62 44 49 89 110 102 109 104 25 24 88 90 84 117 54 78 80 89 106 70 98 54 75 60 122 90 38 94 71 110 71 51 101 134 73 97 125 92 35 59 77 100 67 88 66 81 83 94 106 67 15 108 114 76 62 44 75 109 46 77 80 65 90 116 99 45 46 50 82 70 78 99 88 129 58 38 97 119 83 67 63 91 86 100 53 86 99 133 77 99 116 101 49 30 127 110 25 124 99 49 112 60 110 61 71 81 63 38 96 107 25 92 26 96 70 130 81 74 32 56 94 112 95 77 51 77 109 31 96 75 57 119 133 93 64 112 95 63 73 94 53 100 54 71 98 91 116 100 88 101 88 94 29 49 77 123 87 79 118 125 101 85 71 94 134 60 70 90 46 85 88 93 43 116 21 56 41 110 99 109 74 92 34 29 90 63 105 66 112 76 78 38 99 70 94 58 91 92 62 64 78 90 102 69 36 94 103 84 93 75 91 112 120 67 53 135 96 80 70 131 47 27 67 110 94 106 95 56 91 83 69 61 91 67 52 9 101 86 95 89 63 52 93 127 91 121 79 110 36 110 101 85 42 101 74 66 108 76 103 133 88 96 74 58 47 69 48 94 90 88 44 86 104 92 40 97 85 118 81 80 89 
53 130 108 48 148 49 56 101 57 120 125 72 48 97 105 18 57 91 37 64 123 133 26 93 116 83 47 83 135 27 21 73 90 63 77 83 45 95 95 100 77 102 111 79 70 99 108 82 103 113 106 94 48 130 77 93 135 95 58 61 81 136 82 117 39 74 81 90 83 101 37 110 124 96 39 125 66 126 70 91 50 125 44 93 50 119 85 108 134 32 120 84 73 107 96 121 54 112 60 73 43 20 72 63 62 68 129 73 78 65 82 49 116 86 100 59 48 136 27 118 90 55 49 118 84 44 44 84 77 73 64 28 86 95 60 70 113 108 87 49 61 76 94 88 126 75 111 88 113 101 104 106 104 121 64 94 31 98 144 50 131 73 58 53 71 130 47 74 107 99 100 113 78 119 96 103 116 77 119 135 51 114 60 89 56 118 42 85 83 119 23 97 122 52 58 84 50 68 108 105 73 114 73 101 64 97 90 98 90 46 77 114 100 115 117 94 14 18 24 83 60 124 83 58 126 89 102 60 92 101 81 101 69 139 45 99 108 85 17 94 42 111 51 105 79 102 41 106 62 83 89 77 24 74 80 82 20 126 101 65 79 99 53 95 57 114 68 83 107 136 43 133 92 73 100 78 78 80 53 91 110 119 116 71 38 126 37 96 123 46 84 67 82 82 36 91 99 34 110 96 45 62 94 90 51 90 14 119 131 105 98 101 88 63 120 94 83 51 63 81 66 66 111 107 85 122 81 35 37 102 90 68 140 54 100 69 102 83 56 77 58 64 82 144 104 20 111 62 113 81 40 100 140 53 76 128 82 19 40 95 122 44 66 59 61 71 100 85 64 37 110 92 98 62 49 91 110 24 55 66 76 112 139 122 54 52 59 77 92 75 86 77 132 81 60 103 141 105 63 81 110 106 88 30 86 121 111 80 91 127 123 66 53 105 113 46 133 90 41 91 81 88 76 54 89 42 33 96 88 37 83 11 113 89 108 58 93 54 78 111 135 75 82 60 95 131 51 99 52 34 126 139 72 71 134 96 41 50 78 54 109 71 54 110 89 117 123 83 82 66 94 10 65 87 102 72 87 141 130 103 68 94 117 139 68 86 82 28 64 74 105 60 118 32 51 63 88 112 111 92 70 42 50 85 68 102 47 116 54 82 31 107 88 112 65 74 96 84 49 80 112 96 91 22 115 105 66 102 78 69 90 143 84 65 140 98 58 90 108 44 48 55 111 116 128 73 77 112 106 62 82 91 70 35 25 93 108 118 103 66 68 110 136 72 129 101 131 25 113 98 99 60 123 55 87 104 91 95 111 89 76 56 77 28 49 70 107 96 81 61 84 82 115 24 115 105 96 87 100 74 
114 99 155 111 118 25 109 158 112 167 105 127 112 156 85 64 91 120 43 122 77 97 72 65 54 111 17 111 94 91 86 117 108 99 47 76 69 142 140 158 136 123 155 137 30 51 48 85 118 73 148 154 110 83 102 45 77 30 62 125 110 93 119 76 90 139 75 129 125 137 52 153 81 88 99 84 47 74 135 132 97 109 93 66 92 54 146 84 104 79 168 23 138 115 55 64 105 86 115 116 103 76 80 78 67 121 106 116 112 113 124 81 68 139 157 112 111 79 37 70 136 118 76 63 141 99 91 49 51 113 56 74 115 36 119 111 155 159 42 93 95 12 64 113 67 98 160 146 115 36 127 45 160 100 95 33 47 110 120 77 118 137 22 76 129 80 80 131 149 72 119 71 129 59 46 71 161 141 171 82 109 81 121 63 30 79 72 133 52 110 86 52 169 118 69 120 113 133 43 58 109 59 129 47 127 104 56 98 67 107 132 73 112 76 93 90 52 62 87 128 61 176 119 120 73 68 120 81 59 56 129 150 134 99 98 49 43 116 78 58 89 155 79 61 142 110 104 136 62 143 123 112 62 69 88 116 79 84 39 131 24 150 118 145 25 164 124 99 53 115 59 100 145 135 138 47 56 56 71 149 59 60 58 131 77 113 100 41 68 59 91 14 140 40 98 139 154 80 47 61 20 113 110 37 106 82 75 59 82 162 152 108 77 99 105 29 145 106 76 87 61 83 92 81 107 58 140 73 71 37 138 133 102 104 56 131 122 140 120 140 103 73 61 116 121 85 116 122 157 112 101 151 87 93 139 82 81 83 106 33 101 104 128 117 126 134 137 124 118 49 154 138 79 111 26 103 156 86 115 82 104 62 103 88 90 94 15 64 49 55 95 139 86 63 29 52 112 69 118 21 109 99 91 91 134 100 157 41 150 64 105 82 50 149 69 31 74 86 51 132 76 135 10 85 35 107 44 145 116 27 143 59 48 28 154 115 96 38 64 47 109 139 37 13 102 102 26 142 110 95 71 86 136 110 108 60 95 103 143 103 50 86 83 47 141 78 79 68 112 129 61 64 84 117 142 90 122 104 78 64 133 63 83 87 18 23 141 69 106 138 128 80 163 69 49 39 143 48 69 98 133 24 54 141 27 155 82 69 118 125 89 142 26 116 20 139 138 55 72 127 63 152 49 58 63 65 97 133 41 131 143 107 20 94 90 144 109 87 156 98 32 68 71 76 76 133 28 57 73 60 77 140 114 71 42 153 72 86 38 33 87 119 78 136 72 56 117 86 69 152 118 75 74 90 37 79 108 85 155 137 140 121 83 93 93 45 43 133 139 78 136 140 83 88 51 47 145 126 97 91 
81 131 117 81 150 42 98 144 77 162 133 91 91 140 112 53 53 125 48 108 80 131 37 94 92 116 29 116 129 64 62 113 72 61 76 48 72 104 136 143 102 133 151 122 27 87 69 53 130 108 110 138 92 87 65 51 94 66 75 95 114 129 81 111 54 111 46 90 87 138 14 150 116 110 83 119 70 83 106 94 90 136 84 51 55 83 128 113 136 70 162 61 113 131 53 79 96 116 103 78 70 61 93 42 32 110 136 78 113 75 86 43 73 102 144 101 91 94 29 107 131 87 38 76 128 86 83 80 35 75 75 65 77 56 85 108 153 150 44 56 57 45 94 76 85 105 153 110 133 70 135 83 148 129 97 56 47 123 150 80 144 115 19 38 94 87 80 117 147 57 129 106 92 97 83 103 157 109 162 92 94 71 87 91 14 113 34 126 40 133 57 88 163 92 79 81 92 107 79 94 109 97 116 60 96 120 47 117 49 75 96 108 126 110 122 62 37 31 59 90 75 166 81 102 111 94 131 43 49 58 122 143 105 134 87 86 75 79 49 90 53 117 41 62 122 126 85 141 28 109 125 113 28 39 102 78 49 83 77 103 61 141 93 137 17 156 89 64 91 144 20 133 108 115 99 34 82 38 33 134 67 98 75 97 73 139 80 55 106 66 58 49 125 39 67 101 142 45 84 93 30 76 121 49 94 55 46 80 88 149 141 124 100 61 131 62 126 94 40 102 79 92 119 66 70 88 104 69 69 67 132 108 137 95 91 112 132 104 98 108 97 37 87 148 132 62 134 106 153 115 83 142 97 55 108 85 50 62 80 71 129 71 96 102 97 114 138 86 106 53 151 100 106 103 11 116 151 56 81 45 109 99 137 121 89 90 24 38 84 34 61 120 89 88 54 61 144 102 105 59 129 122 60 59 127 129 119 36 134 89 132 91 64 111 70 44 93 57 13 94 95 97 46 47 48 79 10 138 78 25 127 33 84 67 116 80 114 57 87 83 140 109 39 26 118 134 45 139 76 63 83 96 106 108 139 53 60 68 118 94 69 96 45 73 131 74 115 44 74 96 51 36 92 121 104 54 123 138 87 59 108 93 116 96 30 60 125 33 68 116 136 86 159 65 14 63 107 77 68 114 100 17 66 128 27 145 44 73 88 122 74 144 64 133 27 113 135 84 34 121 100 139 83 25 101 62 58 137 35 99 106 141 57 97 96 139 73 107 118 86 48 31 68 111 114 98 63 95 105 27 97 133 110 34 35 136 105 118 69 23 95 134 95 107 87 91 143 69 70 141 128 84 111 52 73 63 119 59 117 130 109 95 98 68 56 71 71 134 125 86 126 105 115 67 88 85 108 125 117 55 
4
0 1
50 60
100 200
300 400