520
6
108 335
113 322
112 378
189 499
101 284
276 626
98 335
200 544
298 649
237 565
212 522
62 278
256 465
107 338
87 401
157 355
116 423
232 538
275 462
268 595
193 523
178 530
148 459
111 381
144 492
70 422
251 547
192 382
283 510
205 565
66 271
231 530
240 573
158 494
197 417
281 618
186 401
71 359
200 469
265 458
206 514
113 303
164 361
84 407
229 477
211 543
260 600
184 414
106 371
233 524
104 425
119 335
96 335
280 573
253 527
201 469
250 604
249 453
124 458
171 479
96 334
215 434
297 622
293 481
155 407
185 371
102 355
105 339
252 542
150 390
180 462
251 448
95 330
171 466
79 386
204 438
288 498
172 388
189 414
175 387
171 352
159 507
243 556
123 358
205 442
109 317
203 521
202 412
127 427
226 519
159 370
126 331
95 400
170 500
178 476
86 332
191 491
92 390
192 519
98 323
82 271
199 423
152 499
63 287
71 266
137 354
124 377
67 361
241 535
160 507
115 393
229 446
60 354
286 554
75 259
98 410
265 550
233 440
119 429
258 547
83 321
245 546
87 291
275 588
244 436
105 441
150 498
158 500
210 408
257 488
90 332
147 470
136 337
195 507
292 606
285 579
255 541
268 603
103 373
270 603
142 418
173 386
221 491
125 416
113 342
132 476
263 596
247 574
109 382
233 592
92 408
107 296
93 434
146 381
264 505
78 324
253 516
266 619
240 497
69 429
297 604
154 356
160 500
62 399
162 437
264 488
64 319
103 427
155 422
260 459
199 505
149 503
153 372
261 454
187 407
142 487
102 369
261 568
239 458
221 561
198 475
122 332
191 437
190 485
278 559
204 432
73 391
221 480
278 468
242 452
228 554
94 450
296 531
92 409
300 480
280 486
225 457
273 482
296 523
66 332
86 364
293 563
250 596
216 542
149 341
105 462
181 504
110 461
184 486
268 608
220 545
83 374
196 418
87 325
208 567
254 507
247 510
242 508
231 413
189 370
215 526
239 554
211 393
131 442
248 528
178 377
89 321
158 410
110 374
253 552
80 342
140 425
262 591
64 361
187 405
113 439
187 382
108 403
110 366
90 444
139 490
102 382
271 549
290 643
181 486
141 400
218 408
180 489
169 470
168 504
202 527
227 407
232 585
238 529
237 518
148 451
290 549
232 497
193 453
224 531
106 297
264 512
104 351
269 603
73 279
171 359
209 557
74 296
90 362
201 475
147 410
167 371
155 342
153 430
82 277
207 502
224 562
181 454
298 584
222 559
118 362
100 327
296 648
199 486
267 531
117 385
142 420
248 550
271 628
255 501
107 453
110 436
185 366
63 335
137 331
125 369
62 293
113 446
86 362
298 553
230 545
84 432
224 428
158 431
183 423
134 379
245 471
274 614
135 480
178 456
237 589
191 381
131 421
243 545
116 397
105 435
62 299
284 644
183 452
171 373
255 585
260 493
178 362
99 379
294 502
64 342
159 459
183 479
158 379
199 510
200 558
216 558
189 420
282 487
134 356
183 398
243 433
91 290
284 640
294 636
219 470
81 343
143 485
155 487
131 329
71 380
97 368
141 403
210 463
238 488
115 310
115 473
280 634
68 380
167 395
144 484
193 383
194 538
214 523
238 459
136 353
211 415
169 446
77 300
177 445
208 466
251 518
286 581
220 494
287 534
217 510
160 440
246 480
135 407
95 455
229 429
262 608
283 470
80 403
69 343
248 436
246 516
201 436
214 493
95 316
114 396
83 347
185 523
212 494
260 446
269 528
274 605
218 563
172 500
79 370
130 441
104 314
167 466
151 371
284 608
217 404
103 335
74 402
247 599
95 317
80 366
274 485
96 360
257 562
202 462
69 413
99 447
154 512
157 444
140 478
86 424
260 507
209 410
290 476
117 376
145 428
73 270
257 452
244 548
165 481
290 475
215 556
71 430
190 396
268 550
221 545
67 268
253 588
164 513
258 609
285 609
114 306
171 410
149 381
151 469
250 533
231 419
176 388
291 510
79 330
61 291
195 531
264 500
270 588
179 461
119 458
129 339
119 475
102 327
298 551
241 553
285 511
293 508
134 447
281 520
113 326
147 413
71 290
61 367
200 483
156 361
104 380
163 369
227 577
261 532
98 322
177 390
266 455
198 401
155 387
109 431
220 414
217 446
128 312
150 356
212 551
205 476
100 457
276 558
108 389
86 416
296 612
144 402
256 550
110 387
298 510
210 502
161 346
189 474
107 327
147 392
234 538
274 589
108 453
73 351
265 572
166 348
218 420
63 259
103 458
133 331
180 380
119 403
64 387
262 524
297 485
103 388
166 519
234 443
196 396
210 471
70 331
287 608
136 495
175 448
0 1000
0 1000
0 1000
0 1000
0 1000
0 1000
2 2 2 2 2 2
520 520 520 520 520 520
41 107 38 89 47 77 
73 31 73 32 73 46 
114 30 91 44 83 101 
113 131 80 117 74 142 
32 115 71 100 82 52 
108 48 107 59 107 77 
53 136 91 122 103 70 
61 112 98 103 108 43 
131 68 131 81 129 98 
126 72 130 84 130 92 
56 53 21 37 12 67 
115 31 101 48 96 94 
66 152 100 136 111 89 
108 104 69 93 59 129 
84 166 121 152 133 98 
112 123 76 111 70 138 
79 118 114 111 123 55 
116 136 84 122 78 145 
80 67 96 67 100 43 
120 62 122 74 121 88 
74 131 62 114 66 110 
44 128 82 113 94 64 
100 71 112 76 115 64 
126 63 125 76 124 94 
80 21 75 27 73 56 
81 56 43 46 31 91 
62 99 33 83 34 92 
99 76 114 80 117 62 
135 60 128 76 125 106 
70 114 47 97 48 103 
142 59 129 77 125 117 
105 42 72 44 62 103 
105 110 67 98 59 129 
139 92 147 103 148 103 
69 73 90 69 95 32 
114 144 85 129 82 145 
36 122 64 105 75 69 
154 69 128 83 120 140 
78 154 117 141 129 83 
171 86 146 101 137 157 
112 86 72 79 60 126 
151 66 134 83 128 130 
41 102 79 90 89 31 
128 44 103 57 94 115 
75 77 96 75 102 38 
114 104 135 107 140 77 
54 107 91 97 101 37 
170 89 141 101 131 160 
56 126 96 114 107 56 
100 17 87 34 82 80 
110 65 117 73 118 75 
58 85 23 69 20 85 
46 111 42 94 50 83 
121 115 82 105 73 142 
37 49 31 32 35 37 
113 56 78 56 67 114 
44 50 53 39 58 20 
74 157 110 143 122 90 
49 127 60 110 70 86 
70 153 107 138 119 86 
69 49 33 35 22 77 
58 144 89 129 101 84 
147 63 121 77 112 134 
39 126 73 110 84 67 
105 88 123 91 127 68 
138 56 126 73 121 113 
160 130 176 138 179 122 
131 48 118 65 113 107 
84 48 91 52 93 51 
76 59 37 47 25 88 
78 40 81 42 83 47 
67 33 39 18 33 67 
56 137 95 123 107 69 
138 64 132 80 129 109 
123 37 102 53 95 107 
10 76 38 61 49 28 
144 92 150 103 150 108 
129 94 141 102 144 92 
129 112 148 116 153 92 
102 86 61 76 50 118 
152 85 117 91 106 151 
77 93 104 89 111 43 
87 88 110 87 115 51 
148 70 117 80 107 140 
108 116 72 104 64 133 
68 152 104 137 116 86 
41 96 77 85 87 25 
107 133 76 118 73 137 
24 109 62 94 73 49 
135 77 98 79 87 137 
115 104 75 95 65 135 
119 53 117 66 115 89 
105 122 71 109 66 133 
163 83 133 94 123 154 
100 98 123 98 129 64 
31 55 27 39 33 36 
107 106 68 95 59 129 
122 84 133 92 135 86 
98 107 125 105 131 64 
105 45 71 45 61 104 
70 118 107 109 116 50 
58 127 99 115 110 56 
113 57 78 57 67 115 
86 23 59 21 51 80 
161 84 130 94 119 154 
100 85 60 75 49 117 
58 124 98 113 108 53 
39 47 37 32 41 32 
105 39 101 51 100 76 
96 50 101 58 101 63 
70 60 85 58 89 34 
48 93 82 84 91 24 
54 139 90 124 101 75 
118 99 136 103 140 81 
105 86 122 89 126 68 
86 103 114 99 121 52 
95 135 71 119 71 129 
57 135 96 121 108 65 
133 61 101 68 91 129 
113 117 75 105 68 137 
83 115 117 109 125 55 
101 92 61 82 51 120 
85 102 113 98 120 51 
74 22 50 11 44 69 
101 61 109 68 110 66 
108 24 87 38 80 95 
117 38 107 55 104 92 
98 26 71 31 63 91 
128 85 89 82 78 136 
145 76 111 83 100 143 
57 120 50 103 57 94 
80 118 115 112 124 55 
112 95 131 99 135 75 
122 72 128 83 128 88 
168 85 140 98 130 156 
62 86 90 80 98 28 
104 104 65 93 56 126 
125 110 85 101 74 143 
165 79 141 94 133 148 
105 33 99 48 96 78 
121 89 81 84 69 133 
71 75 92 72 98 34 
49 108 38 90 44 84 
142 113 158 121 161 105 
98 91 119 92 124 61 
102 138 76 123 75 135 
113 92 130 97 134 76 
110 113 73 102 64 134 
140 120 159 126 163 103 
64 33 65 29 66 39 
120 108 141 111 146 83 
29 113 68 98 79 50 
67 130 107 119 118 59 
103 63 65 58 54 110 
25 61 30 45 37 31 
94 30 90 41 89 67 
40 117 51 100 62 77 
89 40 90 46 91 58 
88 97 114 95 120 53 
147 104 157 114 158 110 
52 74 77 66 84 15 
59 110 40 93 45 93 
113 35 104 51 100 87 
99 61 107 67 109 64 
67 73 88 69 94 30 
105 86 122 90 126 68 
158 71 138 88 131 138 
138 95 148 105 149 102 
125 63 125 76 124 93 
112 102 133 105 138 75 
88 34 57 30 48 87 
54 118 48 100 54 91 
62 53 74 49 79 28 
145 79 110 84 99 144 
112 61 116 71 116 78 
110 92 70 83 59 127 
118 35 94 48 86 106 
92 71 52 61 40 105 
70 41 37 28 28 74 
71 87 33 72 26 95 
161 83 130 94 119 153 
120 53 118 67 116 90 
69 121 52 104 56 104 
52 92 85 83 93 24 
26 112 60 96 72 56 
31 111 48 94 59 68 
139 77 140 91 139 106 
75 106 45 91 42 105 
184 101 156 115 147 172 
42 47 47 35 52 24 
188 106 159 119 150 177 
81 32 51 24 42 80 
118 80 129 88 130 82 
69 87 96 83 103 34 
75 34 77 36 77 47 
126 145 94 132 89 155 
131 45 110 61 103 115 
50 112 89 101 99 41 
97 42 64 39 53 97 
125 58 122 72 120 94 
129 51 100 61 90 121 
58 125 98 113 109 54 
124 72 129 83 129 89 
46 115 86 103 97 45 
78 80 38 66 28 98 
113 67 120 76 121 78 
105 132 75 117 71 136 
22 70 19 53 29 44 
70 150 109 136 120 81 
131 112 150 117 154 94 
74 156 112 141 123 87 
78 96 106 92 113 44 
82 46 88 49 90 50 
100 17 87 34 82 80 
75 50 38 38 27 83 
129 91 90 87 78 140 
102 112 65 99 58 127 
146 81 110 86 99 145 
133 70 98 74 87 133 
88 115 57 100 53 118 
95 9 78 26 72 79 
55 109 39 92 44 89 
101 50 65 47 55 103 
67 153 100 137 111 90 
97 32 93 43 91 70 
95 110 124 107 131 62 
116 87 76 80 65 129 
53 101 88 91 97 31 
116 49 84 53 74 113 
58 133 98 120 110 62 
119 35 105 53 100 98 
93 93 116 93 122 56 
180 99 150 111 140 170 
32 54 32 38 37 32 
148 72 117 81 107 141 
139 53 119 69 112 121 
137 98 148 107 150 100 
52 45 24 28 20 58 
154 68 133 84 126 136 
71 80 94 76 100 34 
110 53 76 53 65 111 
115 37 106 53 102 89 
157 72 132 87 124 143 
153 74 124 85 114 144 
101 97 61 86 52 122 
139 63 108 72 98 132 
13 83 48 68 59 24 
92 121 62 106 59 122 
140 58 113 70 103 129 
122 142 90 128 85 151 
129 88 90 85 78 138 
72 141 112 130 123 70 
95 75 110 78 114 58 
54 119 94 108 104 48 
135 50 119 67 113 114 
138 57 127 74 123 112 
153 67 133 83 126 135 
124 89 136 97 138 87 
78 75 98 73 103 41 
136 113 154 119 157 99 
124 127 87 116 79 149 
120 68 84 67 72 124 
20 68 25 51 35 37 
82 88 43 74 34 104 
53 137 89 122 101 72 
177 98 146 109 136 168 
134 51 108 64 99 122 
75 125 57 108 60 110 
98 63 108 69 110 63 
59 102 94 93 103 35 
111 142 83 127 80 143 
32 97 70 84 81 27 
141 58 128 76 123 117 
83 48 47 38 36 88 
151 77 119 86 109 146 
40 102 33 85 41 75 
36 120 60 104 72 70 
27 59 26 43 34 35 
144 68 137 85 134 115 
143 60 130 77 124 119 
108 50 109 61 108 76 
88 54 51 46 40 95 
58 110 95 101 105 41 
74 122 54 105 56 109 
30 115 56 99 68 65 
95 60 104 65 106 60 
134 70 99 74 87 133 
26 59 33 44 40 29 
174 91 146 104 136 162 
65 125 55 108 61 102 
66 93 32 77 29 93 
113 43 108 57 106 85 
116 64 120 74 120 82 
129 77 91 77 80 133 
86 56 49 47 37 95 
65 96 33 80 31 94 
146 100 155 111 156 110 
74 79 96 76 102 37 
116 103 136 106 141 79 
98 108 125 106 132 63 
44 111 84 99 94 41 
88 39 55 33 45 89 
58 91 88 84 97 27 
48 49 20 31 18 56 
112 62 117 72 117 79 
48 126 59 108 69 85 
91 122 62 107 59 122 
142 56 118 71 109 127 
87 124 61 109 60 120 
85 17 77 27 75 62 
138 76 103 79 92 139 
162 85 130 95 119 155 
116 94 133 99 137 79 
138 53 114 67 106 123 
90 52 97 57 99 56 
73 30 73 32 73 47 
59 33 36 16 33 57 
98 23 89 38 86 74 
131 77 135 89 135 97 
119 107 140 110 145 83 
166 80 143 96 135 149 
27 63 44 49 52 17 
121 48 115 63 112 94 
97 106 60 93 52 122 
149 81 114 87 103 147 
132 95 143 103 146 95 
56 125 96 113 107 54 
53 56 16 40 8 66 
130 70 94 72 83 131 
67 122 53 105 57 103 
138 64 107 72 97 132 
126 42 112 60 107 103 
51 89 83 80 91 22 
94 7 77 24 72 77 
65 33 38 17 32 65 
27 109 67 94 78 45 
15 101 53 85 65 43 
130 44 112 61 106 111 
56 117 95 107 106 47 
64 93 31 77 29 92 
148 104 158 115 159 111 
53 114 44 97 51 89 
48 104 85 93 95 33 
124 38 106 55 100 104 
69 33 41 19 33 69 
37 84 69 73 78 13 
126 71 89 71 77 129 
66 112 44 95 46 99 
163 81 135 94 126 152 
161 78 133 91 124 148 
108 98 129 100 134 71 
65 91 94 85 102 32 
139 86 101 87 89 143 
95 58 103 64 105 60 
72 151 111 138 123 82 
100 98 123 99 129 64 
37 123 71 107 83 63 
28 58 38 43 45 24 
32 118 63 102 75 62 
128 71 92 72 81 130 
56 38 59 31 61 32 
92 32 62 31 52 89 
131 86 139 96 140 95 
38 99 30 82 39 73 
94 99 120 99 126 59 
120 106 140 109 144 83 
136 57 126 73 122 109 
27 82 16 65 28 58 
42 50 52 39 56 20 
25 69 48 56 57 13 
157 73 131 86 122 143 
39 90 20 72 28 70 
110 30 99 47 96 87 
45 60 62 51 68 11 
124 38 102 53 95 108 
104 104 129 105 134 68 
157 124 172 133 174 119 
30 56 32 40 38 31 
55 120 50 103 57 92 
131 87 140 97 141 94 
18 95 58 81 69 32 
129 64 128 78 126 98 
143 81 144 95 143 110 
57 29 50 17 51 42 
91 47 56 41 45 95 
115 47 84 52 74 112 
158 79 128 90 118 150 
42 48 49 36 53 23 
66 129 59 112 65 103 
86 105 115 102 123 53 
47 125 87 112 99 57 
18 87 26 69 38 52 
97 125 67 110 64 128 
25 104 65 90 76 40 
102 116 66 102 60 128 
16 69 33 53 42 30 
124 41 99 54 91 112 
117 55 117 68 116 86 
33 109 73 96 85 41 
125 110 85 101 75 143 
115 115 77 104 68 138 
113 38 84 45 75 105 
136 67 103 73 93 133 
114 70 121 79 123 78 
147 64 120 77 111 135 
44 62 7 45 7 61 
40 63 60 53 66 7 
93 109 122 106 129 60 
81 129 61 112 63 115 
106 70 116 77 119 70 
41 127 69 110 80 72 
127 62 93 66 82 126 
75 77 96 75 102 38 
133 65 100 70 89 130 
112 37 104 52 101 85 
109 108 133 109 139 73 
127 52 97 60 88 120 
82 65 42 54 30 95 
66 128 106 117 116 57 
60 42 66 37 69 32 
182 102 152 113 142 172 
57 124 97 113 108 53 
64 46 30 32 21 71 
132 71 133 84 132 99 
71 63 87 61 92 34 
41 76 7 59 14 66 
88 117 58 102 55 118 
172 86 147 101 139 156 
29 105 40 88 51 67 
65 84 27 69 21 89 
57 31 53 21 54 39 
49 39 33 22 32 47 
143 57 123 73 116 125 
89 93 113 92 119 53 
80 91 42 77 35 104 
59 103 35 87 38 91 
82 43 86 46 88 50 
95 113 61 99 55 123 
156 73 128 86 119 144 
100 118 66 104 60 128 
91 28 62 27 54 87 
142 98 151 108 153 105 
74 124 111 115 121 56 
144 64 133 81 129 118 
51 97 85 88 95 28 
121 36 98 50 91 106 
98 84 116 86 120 61 
75 153 115 140 126 83 
71 27 68 26 68 47 
107 56 111 65 111 74 
91 17 67 22 60 82 
78 118 53 102 53 110 
144 71 139 87 136 114 
155 122 170 131 172 117 
67 109 42 93 44 99 
148 105 158 115 160 111 
125 137 91 125 84 153 
103 115 67 102 60 129 
156 70 137 87 130 136 
133 62 100 68 90 128 
143 61 131 78 126 117 
70 140 110 129 122 70 
27 63 44 49 52 17 
134 63 101 69 91 130 
137 65 104 72 94 132 
117 74 125 83 126 81 
32 76 9 59 21 58 
34 114 74 99 85 47 
64 56 26 41 15 76 
142 118 160 124 163 105 
171 94 139 104 129 164 
60 120 50 103 56 96 
97 70 109 74 112 60 
150 67 137 84 131 125 
64 119 102 109 112 49 
78 163 114 148 126 96 
139 91 146 102 147 103 
77 38 45 27 36 79 
63 102 36 86 37 94 
146 68 115 78 105 138 
71 96 36 80 33 98 
84 16 61 16 54 76 
147 63 122 77 114 133 
132 48 118 65 112 109 
38 98 75 86 85 27 
130 146 97 133 91 159 
114 78 74 73 63 124 
141 100 151 109 153 104 
96 51 60 46 49 101 
182 101 152 113 142 172 
87 10 66 16 60 75 
40 56 14 39 17 52 
125 86 85 82 73 135 
84 127 61 110 61 118 
13 90 33 73 45 49 
139 80 141 93 141 105 
47 116 47 98 55 84 
98 41 98 51 97 67 
125 39 107 56 101 106 
90 97 115 95 121 54 
123 137 89 125 83 151 
134 51 107 64 99 122 
134 87 95 85 83 141 
66 73 87 69 93 28 
82 62 95 63 99 45 
74 91 36 76 30 98 
87 12 76 24 73 66 
146 122 164 129 168 109 
69 148 108 135 119 79 
27 110 50 93 61 63 
112 55 77 55 66 113 
140 69 108 76 97 136 
12 82 28 65 40 44 
89 106 118 103 125 56 
41 127 74 112 86 68 
86 95 112 93 118 51 
51 122 92 110 103 51 
74 103 42 88 40 103 
139 107 153 115 156 102 
118 34 94 48 87 105 
41 73 114 113 32 108 53 61 131 126 56 115 66 108 84 112 79 116 80 120 74 44 100 126 80 81 62 99 135 70 142 105 105 139 69 114 36 154 78 171 112 151 41 128 75 114 54 170 56 100 110 58 46 121 37 113 44 74 49 70 69 58 147 39 105 138 160 131 84 76 78 67 56 138 123 10 144 129 129 102 152 77 87 148 108 68 41 107 24 135 115 119 105 163 100 31 107 122 98 105 70 58 113 86 161 100 58 39 105 96 70 48 54 118 105 86 95 57 133 113 83 101 85 74 101 108 117 98 128 145 57 80 112 122 168 62 104 125 165 105 121 71 49 142 98 102 113 110 140 64 120 29 67 103 25 94 40 89 88 147 52 59 113 99 67 105 158 138 125 112 88 54 62 145 112 110 118 92 70 71 161 120 69 52 26 31 139 75 184 42 188 81 118 69 75 126 131 50 97 125 129 58 124 46 78 113 105 22 70 131 74 78 82 100 75 129 102 146 133 88 95 55 101 67 97 95 116 53 116 58 119 93 180 32 148 139 137 52 154 71 110 115 157 153 101 139 13 92 140 122 129 72 95 54 135 138 153 124 78 136 124 120 20 82 53 177 134 75 98 59 111 32 141 83 151 40 36 27 144 143 108 88 58 74 30 95 134 26 174 65 66 113 116 129 86 65 146 74 116 98 44 88 58 48 112 48 91 142 87 85 138 162 116 138 90 73 59 98 131 119 166 27 121 97 149 132 56 53 130 67 138 126 51 94 65 27 15 130 56 64 148 53 48 124 69 37 126 66 163 161 108 65 139 95 72 100 37 28 32 128 56 92 131 38 94 120 136 27 42 25 157 39 110 45 124 104 157 30 55 131 18 129 143 57 91 115 158 42 66 86 47 18 97 25 102 16 124 117 33 125 115 113 136 114 147 44 40 93 81 106 41 127 75 133 112 109 127 82 66 60 182 57 64 132 71 41 88 172 29 65 57 49 143 89 80 59 82 95 156 100 91 142 74 144 51 121 98 75 71 107 91 78 144 155 67 148 125 103 156 133 143 70 27 134 137 117 32 34 64 142 171 60 97 150 64 78 139 77 63 146 71 84 147 132 38 130 114 141 96 182 87 40 125 84 13 139 47 98 125 90 123 134 134 66 82 74 87 146 69 27 112 140 12 89 41 86 51 74 139 118 
107 31 30 131 115 48 136 112 68 72 53 31 152 104 166 123 118 136 67 62 131 128 71 63 21 56 99 76 60 114 59 42 110 92 73 144 122 69 154 86 86 66 102 44 77 104 107 89 126 17 65 85 111 115 49 56 50 157 127 153 49 144 63 126 88 56 130 48 48 59 40 33 137 64 37 76 92 94 112 86 85 93 88 70 116 152 96 133 109 77 104 53 122 83 98 55 106 84 107 45 118 127 57 23 84 85 124 47 39 50 60 93 139 99 86 103 135 135 61 117 115 92 102 22 61 24 38 26 85 76 120 118 95 72 85 86 104 110 79 33 89 75 108 113 91 138 92 113 120 33 108 113 130 63 61 30 117 40 97 104 74 110 35 61 73 86 71 95 63 102 34 118 53 79 61 92 35 71 41 87 83 53 121 92 112 111 77 106 101 47 106 32 80 87 34 145 45 112 42 58 51 125 72 115 80 67 132 70 150 112 156 96 46 17 50 91 112 81 70 115 9 109 50 153 32 110 87 101 49 133 35 93 99 54 72 53 98 45 68 80 53 37 72 74 97 63 83 121 58 142 88 141 75 119 50 57 67 89 75 113 127 68 68 88 137 98 51 125 63 102 142 97 58 48 77 102 120 59 68 60 50 54 110 122 115 60 70 59 91 125 93 43 64 77 56 96 100 79 103 108 111 39 91 49 62 126 122 56 124 17 76 85 94 53 52 30 33 23 77 107 80 63 48 106 81 95 125 56 70 122 64 42 89 7 33 109 101 44 117 93 104 114 104 38 33 84 71 112 81 78 98 91 86 58 151 98 123 58 118 71 38 32 86 99 99 106 57 82 50 69 73 90 30 60 38 104 124 56 120 87 95 64 81 29 47 47 79 48 129 105 125 87 125 104 116 69 41 55 109 110 115 38 67 70 64 62 63 109 129 70 127 62 77 65 37 108 52 65 128 42 102 124 46 71 63 76 117 86 105 84 31 39 57 93 91 103 43 113 73 118 28 98 124 64 97 36 84 153 27 56 17 118 71 122 109 105 137 115 70 62 61 140 63 63 65 74 76 114 56 118 94 120 70 67 119 163 91 38 102 68 96 16 63 48 98 146 78 100 51 101 10 56 86 127 90 80 116 41 39 97 137 51 87 73 62 91 12 122 148 110 55 69 82 106 127 95 122 103 107 34 
38 73 91 80 71 107 91 98 131 130 21 101 100 69 121 76 114 84 96 122 62 82 112 125 75 43 33 114 128 47 129 72 67 147 90 85 64 128 117 146 72 134 79 103 96 135 91 141 96 87 117 23 42 82 31 78 53 110 60 107 33 89 121 73 123 126 176 118 91 37 81 39 95 132 102 38 150 141 148 61 117 104 110 117 72 104 77 76 62 98 75 117 71 133 123 27 68 133 125 71 107 99 78 59 130 60 98 37 101 101 85 82 90 136 122 114 71 96 101 75 117 61 113 50 109 87 107 71 89 111 50 115 131 128 140 90 65 85 141 99 81 92 38 158 119 76 130 73 159 65 141 68 107 65 30 90 51 90 114 157 77 40 104 107 88 122 138 148 125 133 57 48 74 110 116 70 94 52 37 33 130 118 52 85 60 48 140 45 156 47 159 51 129 96 77 94 110 89 64 122 100 98 129 86 38 120 75 19 109 150 112 106 88 87 38 90 65 110 98 57 78 39 65 100 93 124 76 88 84 98 105 116 150 32 117 119 148 24 133 94 76 106 132 124 61 108 48 62 113 90 90 112 110 94 119 127 133 136 98 154 87 84 25 43 89 146 108 57 108 94 83 70 128 47 119 33 60 26 137 130 109 51 95 54 56 104 99 33 146 55 32 108 120 91 49 33 155 96 136 125 84 55 88 20 117 59 62 118 61 77 103 130 133 114 97 73 36 89 135 140 143 44 115 60 114 143 96 16 94 53 107 112 83 77 38 67 53 112 95 31 158 44 85 106 41 69 89 44 135 133 129 94 101 103 111 123 71 38 63 92 59 62 139 30 120 140 126 16 52 48 131 20 99 62 102 129 172 32 50 140 58 128 144 50 56 84 128 49 59 115 87 26 67 65 66 33 99 117 73 85 77 84 103 121 120 7 60 122 61 116 69 93 96 100 104 133 97 42 106 66 152 97 30 133 87 7 58 147 40 27 53 33 123 113 42 35 86 61 128 66 62 151 111 133 85 98 116 115 68 111 67 53 139 170 42 158 91 67 137 100 131 110 44 101 104 125 9 74 26 160 139 50 109 137 102 114 146 45 36 115 36 61 122 118 75 97 74 151 60 152 66 14 85 61 33 141 47 98 107 115 89 107 95 87 95 36 76 164 108 50 77 108 28 118 74 112 92 42 153 94 
89 32 44 117 100 59 122 103 81 84 37 48 136 93 152 111 111 122 67 74 114 113 76 76 27 46 83 80 76 97 77 44 98 103 69 129 105 83 141 101 79 83 90 57 75 107 97 101 114 34 73 69 94 105 32 56 39 143 110 138 35 129 77 110 91 73 138 65 52 47 42 18 123 80 53 61 103 102 116 76 91 89 87 80 104 137 85 118 94 79 95 66 109 94 98 39 95 92 105 45 109 115 57 21 94 75 113 32 51 58 58 84 124 103 89 99 119 121 68 105 109 82 98 11 68 38 55 31 82 83 103 112 99 83 98 80 93 101 94 48 84 72 90 121 92 123 97 102 126 29 111 98 119 58 45 41 100 46 95 114 66 93 51 67 69 90 88 105 76 105 30 100 49 84 71 83 48 61 28 72 94 67 104 83 96 94 91 91 115 35 119 24 88 83 36 132 61 101 39 72 61 113 83 103 66 76 117 53 136 117 141 92 49 34 38 87 99 86 74 100 26 92 47 137 43 107 80 91 53 120 53 93 111 38 81 69 107 28 84 76 53 53 87 85 86 72 68 106 70 128 85 130 78 108 67 74 83 97 73 119 116 67 51 74 122 109 64 108 69 93 127 84 76 38 86 85 104 43 85 77 61 46 101 105 99 65 74 44 104 108 77 57 74 77 47 80 111 76 106 106 99 33 84 31 72 108 107 71 109 27 79 95 99 67 57 32 16 38 89 110 96 49 63 93 87 103 113 40 72 105 72 60 80 24 17 94 85 61 107 77 115 97 93 55 19 73 71 95 94 91 100 85 87 64 138 99 107 43 102 72 31 31 96 82 99 109 73 65 39 56 86 72 47 51 53 105 133 40 103 97 81 78 95 17 41 52 90 36 112 102 112 69 110 90 102 53 54 68 96 101 104 45 73 79 77 45 53 106 112 77 110 66 75 70 52 109 60 54 117 37 113 113 32 84 61 59 102 101 88 69 21 22 73 92 77 87 46 99 86 104 27 108 115 81 88 50 86 140 26 65 22 102 87 131 93 115 125 102 87 68 78 129 49 69 72 83 59 99 41 124 104 103 74 84 109 148 102 27 86 78 80 16 77 65 86 133 73 109 46 113 16 39 82 110 73 93 98 51 56 95 125 64 85 69 63 76 24 129 135 93 55 76 65 103 112 93 110 88 115 48 
47 73 83 74 82 107 103 108 129 130 12 96 111 59 133 70 123 78 100 121 66 94 115 124 73 31 34 117 125 48 125 62 59 148 95 82 75 120 129 137 60 128 89 94 102 140 101 131 107 82 118 20 50 73 35 67 58 122 70 119 22 101 112 84 127 121 179 113 93 25 83 33 107 129 95 49 150 144 153 50 106 111 115 107 64 116 87 73 73 87 65 115 66 123 129 33 59 135 131 61 116 110 67 51 119 49 108 41 100 101 89 91 101 140 126 121 71 108 91 68 125 51 120 44 110 80 104 63 78 100 57 124 135 128 130 98 56 74 133 96 69 98 44 161 124 75 134 64 163 66 146 79 118 54 37 89 62 91 120 158 84 45 100 109 94 126 131 149 124 138 48 54 79 99 116 59 86 40 28 26 119 116 56 93 72 59 139 42 147 52 150 42 130 103 77 89 103 99 53 120 90 109 129 97 28 121 71 29 120 154 123 113 90 82 27 78 58 99 87 53 72 44 55 111 91 131 65 97 74 110 100 122 140 37 107 112 150 20 126 100 65 102 124 114 52 98 59 59 103 85 78 123 114 104 113 123 126 138 103 157 79 72 35 34 101 136 99 60 110 103 80 81 123 36 109 41 72 34 134 124 108 40 105 56 68 106 87 40 136 61 29 106 120 80 37 31 156 102 141 132 94 45 97 18 117 69 59 109 60 75 92 119 137 106 99 73 33 86 135 145 135 52 112 52 103 146 107 8 83 57 97 107 91 72 32 78 65 106 106 29 159 51 95 100 33 78 77 46 126 124 134 102 89 105 123 129 83 45 75 81 61 52 140 39 126 144 122 28 56 57 122 28 96 68 95 134 174 38 57 141 69 126 143 51 45 74 118 53 65 123 99 38 64 76 60 42 91 116 85 75 68 75 93 123 111 7 66 129 63 119 80 82 102 89 101 139 88 30 116 69 142 108 21 132 92 14 55 139 51 21 54 32 116 119 35 38 88 55 119 60 54 153 121 129 95 91 120 126 68 111 60 53 136 172 44 160 84 60 130 90 126 122 52 91 94 126 21 85 15 163 129 56 112 131 112 126 147 36 37 105 33 54 114 112 85 91 63 153 49 142 60 17 73 61 45 141 55 97 101 121 83 99 83 93 99 30 73 168 119 61 66 97 40 125 86 118 103 40 156 87 
77 46 101 142 52 77 70 43 98 92 67 94 89 129 98 138 55 145 43 88 110 64 64 94 56 91 92 62 106 103 117 103 129 103 32 145 69 140 83 157 126 130 31 115 38 77 37 160 56 80 75 85 83 142 37 114 20 90 86 86 77 84 134 67 68 113 122 107 51 88 47 67 69 109 107 28 108 92 92 118 151 43 51 140 133 86 25 137 49 137 135 89 133 154 64 36 129 86 64 104 50 56 115 80 154 117 53 32 76 63 34 24 75 81 68 52 129 65 129 137 55 120 51 69 66 95 92 91 136 143 94 55 75 88 156 28 126 143 148 78 133 34 84 105 61 135 76 134 103 39 83 50 59 110 31 67 77 58 53 110 15 93 87 64 30 68 138 102 93 75 87 91 28 144 78 127 106 105 74 95 153 90 104 24 56 68 106 105 172 24 177 80 82 34 47 155 115 41 97 94 121 54 89 45 98 78 136 44 81 94 87 44 50 80 83 140 127 145 133 118 79 89 103 90 70 62 129 31 113 62 98 56 170 32 141 121 100 58 136 34 111 89 143 144 122 132 24 122 129 151 138 70 58 48 114 112 135 87 41 99 149 124 37 104 72 168 122 110 63 35 143 27 117 88 146 75 70 35 115 119 76 95 41 109 65 60 133 29 162 102 93 85 82 133 95 94 110 37 79 63 41 89 27 56 79 85 122 127 120 62 139 155 79 123 56 47 57 74 97 83 149 17 94 122 147 95 54 66 131 103 132 103 22 77 65 45 43 111 47 92 111 89 33 104 69 13 129 99 152 148 71 32 143 60 82 64 63 24 62 130 32 89 95 73 59 83 109 58 20 13 143 70 87 11 108 68 119 31 92 94 32 98 110 42 95 112 150 23 103 53 57 52 128 40 128 30 112 86 41 143 138 105 133 78 135 61 7 60 115 70 72 126 38 130 85 73 120 95 57 32 172 53 71 99 34 66 118 156 67 89 39 47 125 53 104 91 50 123 144 128 87 105 56 118 28 106 61 83 47 74 82 110 114 117 99 111 153 129 136 128 117 70 17 130 132 81 58 47 76 105 164 96 60 125 49 96 103 79 94 138 98 76 133 109 27 159 124 104 101 172 75 52 135 118 49 105 84 67 106 54 151 122 141 28 45 98 66 109 79 63 113 136 44 56 68 51 51 103 102 105 
5
0 1
20 30
150 70
7 77
8 88