840
4
155 342
153 430
82 277
207 502
224 562
181 454
298 584
222 559
118 362
100 327
296 648
199 486
267 531
117 385
142 420
248 550
271 628
255 501
107 453
110 436
185 366
63 335
137 331
125 369
62 293
113 446
86 362
298 553
230 545
84 432
224 428
158 431
183 423
134 379
245 471
274 614
135 480
178 456
237 589
191 381
131 421
243 545
116 397
105 435
62 299
284 644
183 452
171 373
255 585
260 493
178 362
99 379
294 502
64 342
159 459
183 479
158 379
199 510
200 558
216 558
189 420
282 487
134 356
183 398
243 433
91 290
284 640
294 636
219 470
81 343
143 485
155 487
131 329
71 380
97 368
141 403
210 463
238 488
115 310
115 473
280 634
68 380
167 395
144 484
193 383
194 538
214 523
238 459
136 353
211 415
169 446
77 300
177 445
208 466
251 518
286 581
220 494
287 534
217 510
160 440
246 480
135 407
95 455
229 429
262 608
283 470
80 403
69 343
248 436
246 516
201 436
214 493
95 316
114 396
83 347
185 523
212 494
260 446
269 528
274 605
218 563
172 500
79 370
130 441
104 314
167 466
151 371
284 608
217 404
103 335
74 402
247 599
95 317
80 366
274 485
96 360
257 562
202 462
69 413
99 447
154 512
157 444
140 478
86 424
260 507
209 410
290 476
117 376
145 428
73 270
257 452
244 548
165 481
290 475
215 556
71 430
190 396
268 550
221 545
67 268
253 588
164 513
258 609
285 609
114 306
171 410
149 381
151 469
250 533
231 419
176 388
291 510
79 330
61 291
195 531
264 500
270 588
179 461
119 458
129 339
119 475
102 327
298 551
241 553
285 511
293 508
134 447
281 520
113 326
147 413
71 290
61 367
200 483
156 361
104 380
163 369
227 577
261 532
98 322
177 390
266 455
198 401
155 387
109 431
220 414
217 446
128 312
150 356
212 551
205 476
100 457
276 558
108 389
86 416
296 612
144 402
256 550
110 387
298 510
210 502
161 346
189 474
107 327
147 392
234 538
274 589
108 453
73 351
265 572
166 348
218 420
63 259
103 458
133 331
180 380
119 403
64 387
262 524
297 485
103 388
166 519
234 443
196 396
210 471
70 331
287 608
136 495
175 448
136 477
143 402
63 317
61 418
226 486
249 559
257 484
269 495
94 281
61 298
242 542
259 516
234 590
167 422
91 357
231 438
203 456
92 397
131 431
69 410
244 484
193 402
214 437
238 435
80 359
265 524
173 434
89 290
261 560
234 574
244 539
116 419
264 538
299 649
137 330
167 371
166 439
223 569
121 352
77 371
290 517
278 612
294 617
173 422
234 527
202 491
181 493
195 510
105 370
287 611
62 312
258 468
102 405
155 495
116 386
159 470
242 433
152 463
129 390
68 341
223 514
177 399
120 343
81 364
246 436
205 419
268 574
99 400
211 423
178 407
246 426
270 561
286 475
286 573
123 401
163 348
205 393
248 456
208 557
184 368
63 363
140 388
160 506
173 364
230 551
270 482
190 547
156 373
108 413
297 531
178 363
166 409
203 389
127 461
61 253
142 495
127 312
253 507
147 473
98 435
148 507
134 444
286 588
268 477
248 604
232 438
172 485
196 462
164 432
143 489
137 490
163 463
279 613
231 491
222 574
210 539
264 539
296 627
207 552
203 535
268 501
135 415
129 486
99 297
290 520
199 417
234 441
117 455
178 534
220 551
147 364
250 455
189 477
211 460
126 426
197 422
226 486
161 420
224 583
240 441
131 426
190 454
88 291
112 351
192 396
188 533
95 326
270 574
166 448
263 556
127 403
92 375
150 452
141 374
230 432
118 423
68 294
87 401
285 465
162 464
77 348
173 427
265 483
271 599
282 512
168 525
214 452
288 549
231 563
68 376
286 636
241 581
99 349
159 400
127 344
224 414
71 416
65 395
211 480
62 294
215 444
219 498
139 426
295 552
246 433
186 479
109 366
133 433
263 606
236 533
184 532
178 423
108 290
160 421
259 469
137 323
231 446
268 597
68 343
84 337
215 476
116 447
66 250
201 473
222 474
143 471
134 425
284 543
164 458
181 483
214 434
134 400
249 475
189 424
204 437
178 482
202 431
272 464
182 511
161 361
236 453
153 391
162 405
189 520
68 287
152 408
84 295
95 317
215 460
105 429
269 536
106 371
174 463
96 326
96 446
121 378
142 487
82 369
269 586
70 415
217 458
164 405
196 446
231 555
224 548
139 366
273 507
66 255
205 438
69 423
174 526
90 279
244 540
178 436
84 334
158 466
149 490
296 476
262 495
248 600
181 444
178 516
106 380
202 504
220 505
162 375
132 392
175 383
74 265
278 557
271 499
151 416
300 493
237 448
262 556
103 365
214 484
127 462
289 553
212 498
110 449
195 422
296 564
169 349
142 332
245 436
276 512
180 432
238 554
145 346
81 292
256 580
267 572
105 297
205 536
230 541
287 559
183 528
64 284
249 467
235 455
205 509
155 425
67 338
281 575
196 385
189 467
105 287
249 601
292 559
232 502
250 455
128 313
265 452
239 544
259 481
135 324
269 483
208 528
92 439
191 385
229 459
82 431
254 501
86 331
160 372
132 356
111 383
286 642
103 288
79 275
297 644
181 447
97 374
206 410
108 434
259 439
266 494
234 453
203 545
77 317
273 520
259 456
146 490
84 358
123 392
219 532
196 551
165 503
106 353
91 450
275 497
297 560
161 505
164 514
125 417
210 503
233 565
154 425
253 483
225 484
297 640
192 544
162 435
145 480
241 504
88 320
100 310
195 410
240 455
226 445
138 334
113 384
257 593
202 425
237 476
119 305
257 588
241 525
270 507
82 366
63 359
158 407
71 271
288 566
111 373
154 357
74 304
91 446
275 497
73 314
158 394
191 445
234 535
238 533
218 470
280 517
116 296
184 496
104 351
92 372
230 434
269 534
188 410
288 582
90 288
90 327
118 379
91 405
166 508
242 570
233 576
259 526
126 382
144 503
291 495
252 457
210 493
75 278
239 523
65 271
217 524
230 417
232 457
67 343
109 444
100 293
79 349
179 524
109 352
114 355
237 423
266 451
141 481
224 556
183 428
64 294
171 361
252 569
112 381
111 360
114 463
93 335
85 287
110 336
134 464
193 528
268 511
74 401
126 464
126 456
169 482
134 468
202 558
144 471
95 361
284 503
266 465
205 555
127 344
141 444
98 413
88 273
214 437
224 509
104 373
115 356
256 611
218 569
172 390
129 439
244 561
278 550
189 437
240 514
226 443
272 528
141 342
208 423
191 495
270 498
76 406
198 497
83 398
116 369
66 276
227 428
265 521
205 445
285 487
171 497
140 482
278 592
263 487
220 548
96 433
173 416
179 405
139 494
192 528
134 329
117 331
129 334
107 287
214 518
99 325
220 573
119 478
163 368
141 369
289 498
246 596
98 368
76 426
78 316
188 447
181 541
266 616
83 285
144 433
113 431
239 487
95 379
73 336
146 500
152 432
258 534
81 396
296 593
184 373
206 548
254 610
247 518
297 491
202 397
285 487
224 567
168 395
293 481
265 447
109 416
108 322
284 527
223 433
197 510
225 422
156 403
193 493
272 526
243 553
146 334
137 480
261 493
114 322
113 437
88 351
299 598
298 602
286 548
147 350
85 311
260 563
274 511
162 468
102 398
163 437
110 365
161 485
168 379
282 467
285 517
184 469
289 551
61 374
78 307
200 463
80 277
67 370
155 430
245 517
103 416
244 490
226 454
75 375
168 440
194 538
224 412
252 470
60 295
222 538
136 368
88 411
0 1000
0 1000
0 1000
0 1000
1 1 1 1
840 840 840 840
77 103 44 87 
163 79 136 93 
110 54 112 65 
59 68 79 62 
105 103 66 91 
49 125 57 107 
159 73 135 88 
38 109 77 96 
102 109 65 96 
60 125 100 114 
121 100 139 105 
142 58 116 71 
136 51 121 69 
52 87 82 79 
123 102 83 94 
86 128 63 112 
122 98 82 91 
46 132 77 116 
172 86 147 101 
124 86 135 94 
90 15 67 21 
110 97 70 88 
95 90 116 91 
56 67 16 51 
126 102 86 95 
117 59 82 60 
78 66 94 65 
129 104 145 110 
49 55 63 47 
38 82 12 65 
100 62 62 56 
44 130 77 114 
65 121 103 111 
114 138 83 124 
123 47 115 63 
89 50 53 42 
145 118 162 125 
49 131 66 114 
85 72 45 61 
69 118 106 110 
106 42 103 54 
129 139 94 127 
108 120 73 107 
69 101 101 94 
137 117 156 123 
63 32 37 16 
78 157 117 144 
131 44 112 61 
69 74 91 71 
76 32 76 34 
59 146 89 130 
19 101 43 84 
144 59 128 76 
57 123 97 112 
86 63 99 65 
49 132 86 118 
91 23 85 35 
162 76 139 91 
108 37 78 42 
120 67 84 66 
81 113 51 97 
37 118 54 101 
116 39 108 55 
120 126 83 114 
158 83 125 92 
121 141 89 128 
43 57 12 39 
142 80 107 84 
48 120 88 107 
161 79 133 91 
74 64 90 63 
126 107 145 112 
95 94 118 94 
57 58 72 52 
84 6 64 13 
24 110 56 94 
32 57 20 40 
54 134 69 117 
157 74 130 87 
69 140 109 128 
87 77 105 77 
146 100 155 111 
66 51 29 37 
71 139 112 128 
27 95 65 82 
141 106 154 115 
72 81 96 78 
135 49 118 66 
52 138 80 122 
135 64 130 79 
117 59 118 71 
43 127 81 112 
151 67 126 81 
120 86 80 81 
125 38 107 56 
115 92 75 84 
153 70 126 83 
141 57 114 71 
10 94 40 78 
69 99 37 84 
49 114 88 103 
101 110 64 97 
93 88 114 88 
138 54 124 71 
71 82 32 67 
151 65 129 80 
49 124 89 111 
89 30 59 27 
46 45 51 33 
110 45 108 58 
29 57 39 43 
66 131 61 113 
137 97 148 106 
83 131 64 114 
88 16 64 19 
42 91 21 74 
42 52 18 35 
34 104 74 91 
99 12 82 30 
106 43 104 55 
143 92 149 103 
118 56 117 68 
121 73 83 71 
131 89 141 99 
61 69 81 64 
56 142 88 126 
125 42 100 55 
145 82 109 86 
145 63 118 75 
30 116 65 101 
133 52 105 63 
64 94 31 77 
21 96 34 79 
58 132 63 114 
135 89 143 99 
22 103 62 88 
50 132 89 118 
11 97 46 81 
129 53 121 69 
20 87 57 73 
125 147 94 134 
56 136 96 122 
73 104 105 98 
78 99 43 84 
122 36 101 52 
73 149 113 136 
117 81 128 88 
93 24 66 27 
53 40 29 22 
99 86 59 76 
97 38 96 48 
118 63 82 63 
68 149 107 135 
133 152 101 139 
59 129 60 112 
124 84 134 93 
138 55 113 68 
40 49 47 37 
103 51 68 49 
27 71 13 54 
64 35 36 20 
56 68 77 61 
121 71 83 70 
23 108 62 92 
70 133 110 123 
107 78 68 71 
123 89 135 96 
39 125 76 109 
55 134 67 116 
108 112 134 112 
111 104 133 106 
121 100 138 105 
71 27 68 26 
112 95 72 86 
36 122 71 106 
73 30 73 32 
30 117 63 101 
97 82 114 84 
104 110 67 98 
117 66 121 76 
93 14 70 23 
62 68 82 63 
46 67 6 50 
39 53 19 36 
85 50 48 41 
83 81 104 80 
71 156 106 141 
131 75 94 76 
27 68 50 55 
97 70 58 62 
106 127 74 114 
87 169 124 155 
118 56 84 58 
103 113 130 112 
56 84 20 67 
119 40 109 57 
79 121 115 114 
108 37 102 51 
46 122 86 109 
75 45 82 46 
146 77 112 83 
47 102 84 91 
137 53 113 67 
99 35 96 47 
61 106 97 97 
130 82 137 92 
53 118 92 106 
132 46 109 61 
65 94 32 78 
59 88 89 81 
113 106 74 96 
62 92 29 76 
177 93 151 107 
125 150 95 136 
115 46 111 60 
23 77 53 63 
100 66 111 72 
63 128 58 111 
81 9 70 18 
88 93 49 80 
111 61 116 71 
27 67 49 54 
129 61 96 66 
26 113 61 97 
50 137 80 121 
143 57 120 72 
141 66 110 75 
9 91 50 76 
40 46 38 31 
52 39 30 21 
146 84 110 88 
66 68 85 64 
50 66 71 58 
118 34 104 51 
32 117 58 100 
113 86 128 92 
91 101 117 99 
68 130 60 113 
53 79 80 72 
58 137 97 123 
81 102 110 98 
39 82 12 65 
81 108 112 103 
45 125 60 108 
69 17 55 6 
148 105 158 115 
67 108 102 101 
124 91 137 98 
71 99 38 84 
91 56 53 48 
113 74 122 82 
86 84 46 71 
140 54 122 71 
82 80 42 67 
149 72 118 82 
119 85 131 92 
159 82 128 92 
25 102 39 85 
45 41 34 25 
111 66 118 75 
75 159 111 144 
67 143 107 130 
80 161 117 147 
98 87 118 89 
58 43 65 38 
67 151 103 136 
99 63 60 57 
93 32 91 43 
63 45 30 30 
152 66 135 83 
72 92 36 77 
119 69 81 68 
95 94 118 94 
104 78 118 83 
55 131 63 114 
149 79 115 86 
36 122 73 106 
148 84 112 88 
152 66 135 83 
130 68 130 81 
52 57 68 50 
147 119 163 126 
34 96 27 78 
37 120 75 105 
105 133 75 118 
116 72 78 69 
132 117 152 121 
66 133 106 121 
43 96 78 85 
31 80 13 63 
162 83 132 94 
102 85 62 76 
40 126 74 111 
63 47 72 43 
59 113 44 96 
82 165 119 151 
119 112 80 102 
83 83 43 70 
48 97 83 87 
121 92 135 98 
42 47 47 34 
110 43 106 56 
102 20 89 37 
102 138 76 123 
112 112 137 113 
131 117 152 121 
145 94 151 106 
33 53 36 38 
80 124 58 108 
23 64 23 47 
17 80 51 66 
63 30 39 13 
42 113 82 101 
125 82 86 79 
166 84 137 97 
67 151 102 136 
126 75 88 74 
25 75 54 62 
54 139 76 122 
112 144 85 129 
125 51 118 66 
146 102 156 113 
96 84 115 86 
67 70 27 55 
54 48 64 41 
73 15 63 14 
69 68 29 53 
53 71 76 64 
64 140 104 127 
68 72 88 69 
124 115 146 118 
109 24 94 41 
57 101 92 93 
146 61 121 75 
102 137 76 122 
138 83 142 95 
58 135 98 122 
124 38 107 55 
10 95 42 79 
170 90 140 101 
26 109 66 94 
112 92 129 96 
16 100 55 85 
45 115 46 97 
82 77 41 64 
122 43 95 53 
52 104 88 94 
109 58 73 56 
140 57 115 70 
77 154 117 141 
108 92 68 83 
64 150 99 134 
39 108 40 91 
37 117 53 100 
115 62 78 61 
134 55 124 72 
131 47 117 65 
121 66 84 66 
63 105 98 97 
60 108 97 99 
83 61 96 63 
37 87 70 76 
128 69 130 82 
115 39 107 55 
19 67 31 51 
29 106 69 92 
92 64 104 68 
145 68 115 78 
144 65 114 76 
104 122 70 109 
5 81 35 65 
95 31 91 42 
24 62 34 46 
85 98 112 95 
113 54 78 55 
20 104 59 89 
134 71 134 85 
77 18 70 22 
120 82 131 90 
64 137 104 124 
75 87 36 72 
60 131 62 114 
32 104 38 87 
60 109 97 100 
91 121 61 106 
48 132 84 117 
37 52 23 34 
58 144 92 128 
73 144 114 132 
130 75 93 75 
67 148 105 134 
72 62 33 49 
58 134 65 116 
132 107 149 113 
74 130 113 120 
31 55 30 39 
33 54 25 37 
34 62 53 50 
65 151 100 136 
97 20 88 35 
129 143 95 131 
117 46 86 52 
103 85 62 76 
160 73 138 89 
118 140 86 126 
97 39 65 38 
104 135 76 120 
74 30 45 19 
36 90 71 78 
76 89 102 85 
90 44 55 38 
63 82 25 67 
85 66 45 55 
34 120 64 104 
17 88 55 74 
94 35 63 33 
124 91 137 98 
56 96 89 88 
63 107 39 90 
138 81 101 83 
112 79 124 85 
112 123 77 111 
61 47 70 43 
114 52 113 64 
42 47 47 35 
130 43 112 60 
122 63 123 75 
119 40 91 50 
101 57 107 65 
135 95 146 104 
138 84 142 96 
122 36 106 54 
28 107 44 90 
65 117 102 107 
95 10 80 27 
62 122 101 111 
70 78 30 63 
113 137 82 123 
75 148 115 136 
139 61 109 71 
85 123 59 107 
72 25 68 25 
51 117 47 99 
60 111 97 102 
28 64 46 50 
76 81 36 67 
120 56 87 60 
62 53 75 49 
97 74 57 65 
91 91 114 91 
167 82 141 96 
55 136 70 119 
77 157 115 143 
51 97 28 80 
101 110 128 109 
38 122 77 107 
115 145 87 131 
129 66 129 79 
78 77 99 76 
143 58 127 75 
83 42 87 46 
15 71 29 55 
136 68 102 74 
145 123 164 130 
75 120 112 113 
126 61 92 65 
73 146 114 134 
105 110 67 98 
149 66 123 79 
123 114 145 117 
38 69 62 59 
69 139 109 127 
99 115 64 101 
52 62 70 55 
51 65 71 57 
133 97 146 105 
90 35 59 31 
91 124 63 109 
49 60 11 43 
129 141 94 129 
151 114 164 123 
71 89 98 84 
114 114 76 103 
45 131 77 116 
91 173 128 159 
125 125 87 114 
123 37 103 53 
119 108 140 111 
136 59 128 75 
52 53 65 46 
121 54 88 58 
84 73 101 73 
81 102 46 87 
137 62 131 78 
131 51 104 62 
84 36 85 42 
53 107 90 97 
96 94 119 94 
116 91 76 84 
107 26 96 43 
79 109 111 103 
103 30 96 44 
118 106 139 109 
23 108 51 92 
32 67 9 49 
181 98 153 111 
129 46 103 59 
77 115 112 109 
152 75 122 85 
108 73 119 80 
97 83 116 86 
119 146 90 132 
56 142 90 127 
18 79 22 62 
26 64 44 50 
132 73 134 86 
78 77 38 63 
53 139 78 122 
108 128 75 114 
106 67 67 62 
41 57 57 47 
140 71 137 86 
76 59 89 59 
80 49 44 39 
136 66 103 72 
93 86 53 75 
58 123 98 112 
17 92 32 75 
153 67 135 84 
135 87 143 98 
119 123 82 112 
125 93 138 100 
17 83 52 69 
105 108 67 96 
33 61 14 43 
65 145 103 131 
82 41 86 45 
84 124 59 108 
71 108 104 101 
17 103 52 87 
126 137 91 125 
124 104 142 109 
65 137 106 125 
144 62 132 79 
86 79 45 67 
136 117 155 122 
102 79 117 83 
152 80 119 88 
109 86 125 91 
109 89 68 81 
172 88 147 102 
141 54 120 71 
92 92 115 92 
91 45 56 39 
165 80 142 95 
30 114 68 99 
105 60 68 56 
114 95 74 87 
61 117 47 100 
131 63 98 69 
88 135 68 118 
140 77 141 91 
91 115 59 100 
97 51 101 58 
118 105 139 109 
79 84 103 82 
119 66 82 66 
74 157 111 142 
67 51 78 49 
28 61 20 44 
29 57 34 42 
107 52 109 62 
65 119 50 102 
31 72 58 60 
127 85 88 82 
45 120 85 107 
15 76 44 61 
151 112 163 121 
93 35 92 45 
80 107 111 102 
135 53 123 70 
143 63 132 80 
125 86 86 83 
86 58 48 48 
84 165 122 151 
30 85 64 73 
116 99 135 103 
11 96 43 80 
52 139 82 123 
46 79 74 70 
82 66 42 54 
108 37 79 42 
58 131 99 119 
74 97 104 92 
127 110 146 114 
113 44 82 49 
102 28 94 42 
24 63 38 48 
48 79 76 71 
104 74 64 67 
98 106 61 93 
25 84 59 71 
110 53 75 53 
52 134 69 117 
111 95 70 86 
122 41 96 52 
97 117 64 103 
69 41 74 40 
104 71 65 64 
161 83 131 94 
131 151 100 138 
25 61 33 45 
61 74 21 58 
29 58 25 41 
90 86 111 86 
28 101 35 83 
145 93 151 105 
143 57 124 73 
28 59 25 42 
77 57 39 45 
123 80 84 78 
72 108 105 101 
98 76 113 79 
76 158 113 144 
108 70 117 77 
158 72 139 89 
85 124 60 108 
73 112 47 96 
21 105 47 88 
47 75 74 67 
126 45 115 62 
73 130 112 120 
32 83 64 71 
106 50 107 61 
54 138 75 121 
106 55 70 53 
141 119 159 125 
186 104 156 116 
102 47 103 57 
186 105 157 117 
76 156 114 142 
54 123 94 111 
99 27 92 41 
126 136 91 124 
62 49 28 33 
176 94 148 107 
67 36 69 34 
76 157 115 143 
72 55 34 42 
77 83 100 80 
185 103 155 116 
63 73 86 68 
117 42 88 50 
100 76 114 80 
96 94 119 95 
150 63 130 80 
72 135 112 124 
82 6 69 17 
61 35 35 19 
76 104 107 98 
51 61 13 44 
39 108 79 96 
140 61 131 78 
54 82 82 75 
78 88 40 74 
119 110 141 113 
144 105 156 115 
152 116 165 125 
121 54 118 68 
40 125 67 109 
11 86 49 72 
136 83 141 95 
111 27 88 40 
41 78 70 68 
59 116 46 98 
36 106 38 88 
150 112 163 121 
131 60 126 75 
48 122 89 109 
51 130 64 113 
118 92 133 98 
154 83 120 90 
90 76 49 65 
40 79 69 69 
37 123 69 107 
74 77 34 63 
45 128 84 113 
36 108 76 95 
70 84 32 69 
76 60 37 48 
110 110 72 99 
62 126 56 109 
59 145 88 129 
58 128 98 116 
57 32 55 23 
63 128 58 111 
156 124 171 133 
73 52 84 52 
28 107 44 90 
28 113 66 98 
98 22 89 37 
14 98 44 82 
75 131 62 114 
26 112 57 96 
73 38 41 26 
160 83 129 93 
99 29 71 33 
136 52 122 70 
102 121 69 107 
134 87 141 97 
152 66 132 82 
164 84 133 95 
59 95 91 87 
57 46 65 40 
80 63 94 63 
81 117 54 101 
32 81 64 69 
100 114 129 112 
107 101 68 91 
96 135 72 120 
97 118 64 104 
146 120 164 127 
54 140 84 124 
185 103 157 116 
65 80 26 65 
128 92 140 100 
153 78 121 87 
91 70 51 60 
98 54 104 62 
76 49 40 37 
121 117 82 106 
61 29 40 12 
127 145 95 132 
134 66 131 81 
65 144 104 130 
65 126 56 109 
113 46 81 50 
145 104 156 114 
131 56 124 72 
118 51 115 65 
32 58 46 44 
80 162 118 148 
131 68 131 82 
114 39 85 47 
74 38 42 27 
45 116 47 98 
131 75 134 87 
148 82 113 87 
41 92 22 75 
86 50 93 54 
92 64 103 67 
57 80 83 73 
153 118 167 127 
115 94 132 99 
67 37 37 23 
46 52 57 42 
30 67 53 55 
174 90 147 104 
85 68 45 57 
126 56 122 71 
148 62 126 78 
142 58 127 75 
102 20 89 36 
51 101 87 91 
110 113 73 101 
25 83 59 70 
53 38 53 28 
82 106 112 101 
116 103 137 106 
45 42 43 28 
82 31 52 24 
108 46 75 48 
143 86 146 98 
127 42 105 57 
72 51 36 38 
96 51 101 58 
121 143 90 130 
102 32 96 46 
33 119 60 102 
97 30 92 42 
37 95 25 78 
150 64 126 79 
61 115 99 105 
102 95 124 97 
47 93 23 75 
158 71 137 88 
35 91 71 80 
128 55 122 70 
116 70 123 80 
125 95 139 102 
65 134 105 123 
53 133 92 119 
95 78 54 68 
61 88 90 82 
98 113 127 111 
58 122 98 111 
129 84 137 94 
105 84 121 88 
169 92 137 102 
81 28 79 34 
67 145 106 132 
65 42 71 39 
132 81 93 81 
98 129 69 114 
21 108 54 92 
112 136 81 122 
101 26 92 41 
10 95 42 78 
129 82 90 81 
146 70 115 79 
62 51 73 47 
100 123 68 108 
131 66 96 70 
174 91 145 104 
56 134 67 117 
105 93 125 95 
63 145 101 131 
56 140 94 125 
122 114 145 117 
33 72 59 60 
110 107 71 96 
121 79 82 76 
80 107 112 102 
63 118 101 108 
142 109 156 117 
48 134 83 119 
139 54 123 71 
73 50 36 38 
180 97 153 110 
57 140 94 125 
108 71 118 78 
93 113 123 110 
90 53 97 58 
105 120 70 107 
107 140 80 125 
156 81 124 90 
68 112 45 96 
61 135 101 122 
54 31 45 17 
54 123 54 106 
77 163 110 59 105 49 159 38 102 60 121 142 136 52 123 86 122 46 172 124 90 110 95 56 126 117 78 129 49 38 100 44 65 114 123 89 145 49 85 69 106 129 108 69 137 63 78 131 69 76 59 19 144 57 86 49 91 162 108 120 81 37 116 120 158 121 43 142 48 161 74 126 95 57 84 24 32 54 157 69 87 146 66 71 27 141 72 135 52 135 117 43 151 120 125 115 153 141 10 69 49 101 93 138 71 151 49 89 46 110 29 66 137 83 88 42 42 34 99 106 143 118 121 131 61 56 125 145 145 30 133 64 21 58 135 22 50 11 129 20 125 56 73 78 122 73 117 93 53 99 97 118 68 133 59 124 138 40 103 27 64 56 121 23 70 107 123 39 55 108 111 121 71 112 36 73 30 97 104 117 93 62 46 39 85 83 71 131 27 97 106 87 118 103 56 119 79 108 46 75 146 47 137 99 61 130 53 132 65 59 113 62 177 125 115 23 100 63 81 88 111 27 129 26 50 143 141 9 40 52 146 66 50 118 32 113 91 68 53 58 81 39 81 45 69 148 67 124 71 91 113 86 140 82 149 119 159 25 45 111 75 67 80 98 58 67 99 93 63 152 72 119 95 104 55 149 36 148 152 130 52 147 34 37 105 116 132 66 43 31 162 102 40 63 59 82 119 83 48 121 42 110 102 102 112 131 145 33 80 23 17 63 42 125 166 67 126 25 54 112 125 146 96 67 54 73 69 53 64 68 124 109 57 146 102 138 58 124 10 170 26 112 16 45 82 122 52 109 140 77 108 64 39 37 115 134 131 121 63 60 83 37 128 115 19 29 92 145 144 104 5 95 24 85 113 20 134 77 120 64 75 60 32 60 91 48 37 58 73 130 67 72 58 132 74 31 33 34 65 97 129 117 103 160 118 97 104 74 36 76 90 63 85 34 17 94 124 56 63 138 112 112 61 114 42 130 122 119 101 135 138 122 28 65 95 62 70 113 75 139 85 72 51 60 28 76 120 62 97 91 167 55 77 51 101 38 115 129 78 143 83 15 136 145 75 126 73 105 149 123 38 69 99 52 51 133 90 91 49 129 151 71 114 45 91 125 123 119 136 52 121 84 81 137 131 84 53 96 116 107 79 103 118 23 32 181 129 77 152 108 97 119 56 18 26 132 78 53 108 106 41 140 76 80 136 93 58 17 153 135 119 125 17 105 33 65 82 84 71 17 126 124 65 144 86 136 102 152 109 109 172 141 92 91 165 30 105 114 61 131 88 140 91 97 118 79 119 74 67 28 29 107 65 31 127 45 15 151 93 80 135 143 125 86 84 30 116 11 52 46 82 108 58 74 127 113 102 24 48 104 98 25 110 52 111 122 97 69 104 161 131 25 61 29 90 28 145 143 28 77 123 72 98 76 108 158 85 73 21 47 126 73 32 106 54 106 141 186 102 186 76 54 99 126 62 176 67 76 72 77 185 63 117 100 96 150 72 82 61 76 51 39 140 54 78 119 144 152 121 40 11 136 111 41 59 36 150 131 48 51 118 154 90 40 37 74 45 36 70 76 110 62 59 58 57 63 156 73 28 28 98 14 75 26 73 160 99 136 102 134 152 164 59 57 80 81 32 100 107 96 97 146 54 185 65 128 153 91 98 76 121 61 127 134 65 65 113 145 131 118 32 80 131 114 74 45 131 148 41 86 92 57 153 115 67 46 30 174 85 126 148 142 102 51 110 25 53 82 116 45 82 108 143 127 72 96 121 102 33 97 37 150 61 102 47 158 35 128 116 125 65 53 95 61 98 58 129 105 169 81 67 65 132 98 21 112 101 10 129 146 62 100 131 174 56 105 63 56 122 33 110 121 80 63 142 48 139 73 180 57 108 93 90 105 107 156 68 61 54 54 
103 79 54 68 103 125 73 109 109 125 100 58 51 87 102 128 98 132 86 86 15 97 90 67 102 59 66 104 55 82 62 130 121 138 47 50 118 131 72 118 42 139 120 101 117 32 157 44 74 32 146 101 59 123 63 132 23 76 37 67 113 118 39 126 83 141 57 80 120 79 64 107 94 58 6 110 57 134 74 140 77 100 51 139 95 106 81 49 138 64 59 127 67 86 38 92 70 57 94 99 114 110 88 54 82 65 124 30 45 45 57 131 97 131 16 91 52 104 12 43 92 56 73 89 69 142 42 82 63 116 52 94 96 132 89 103 132 97 53 87 147 136 104 99 36 149 81 24 40 86 38 63 149 152 129 84 55 49 51 71 35 68 71 108 133 78 89 125 134 112 104 100 27 95 122 30 117 82 110 66 14 68 67 53 50 81 156 75 68 70 127 169 56 113 84 40 121 37 122 45 77 102 53 35 106 82 118 46 94 88 106 92 93 150 46 77 66 128 9 93 61 67 61 113 137 57 66 91 46 39 84 68 66 34 117 86 101 130 79 137 102 82 108 125 17 105 108 91 99 56 74 84 54 80 72 85 82 102 41 66 159 143 161 87 43 151 63 32 45 66 92 69 94 78 131 79 122 84 66 68 57 119 96 120 133 72 117 133 96 80 83 85 126 47 113 165 112 83 97 92 47 43 20 138 112 117 94 53 124 64 80 30 113 82 84 151 75 75 139 144 51 102 84 70 48 15 68 71 140 72 115 24 101 61 137 83 135 38 95 90 109 92 100 115 77 43 104 58 57 154 92 150 108 117 62 55 47 66 105 108 61 87 69 39 67 106 64 68 65 122 81 31 62 98 54 104 71 18 82 137 87 131 104 109 121 132 52 144 144 75 148 62 134 107 130 55 54 62 151 20 143 46 85 73 140 39 135 30 90 89 44 82 66 120 88 35 91 96 107 81 79 123 47 52 47 43 63 40 57 95 84 36 107 117 10 122 78 137 148 61 123 25 117 111 64 81 56 53 74 91 82 136 157 97 110 122 145 66 77 58 42 71 68 123 120 61 146 110 66 114 69 139 115 62 65 97 35 124 60 141 114 89 114 131 173 125 37 108 59 53 54 73 102 62 51 36 107 94 91 26 109 30 106 108 67 98 46 115 75 73 83 146 142 79 64 73 77 139 128 67 57 71 59 49 66 86 123 92 67 87 123 93 83 108 61 145 41 124 108 103 137 104 137 62 79 117 79 80 86 89 88 54 92 45 80 114 60 95 117 63 135 77 115 51 105 84 66 157 51 61 57 52 119 72 85 120 76 112 35 107 53 63 86 58 165 85 99 96 139 79 66 37 131 97 110 44 28 63 79 74 106 84 53 134 95 41 117 41 71 83 151 61 74 58 86 101 93 57 59 57 80 108 76 158 70 72 124 112 105 75 45 130 83 50 138 55 119 104 47 105 156 123 27 136 49 94 36 157 55 83 103 73 42 76 94 63 135 6 35 104 61 108 61 82 88 110 105 116 54 125 86 83 27 78 116 106 112 60 122 130 92 83 76 79 123 77 128 108 84 60 110 126 145 128 32 128 124 52 107 113 22 98 131 112 38 83 29 52 121 87 66 84 95 46 63 117 81 114 101 135 118 120 140 103 80 92 78 70 54 49 117 29 145 66 144 126 46 104 56 51 58 162 68 39 38 116 75 82 92 50 64 80 118 94 37 52 67 90 68 56 62 58 20 101 113 83 38 106 103 42 31 46 86 42 51 51 143 32 119 30 95 64 115 95 93 71 91 55 70 95 134 133 78 88 113 122 84 84 92 28 145 42 81 129 108 136 26 95 82 70 51 123 66 91 134 93 145 140 114 72 107 79 107 118 109 134 54 50 97 140 71 113 53 120 140 81 112 135 31 123 
44 136 112 79 66 57 135 77 65 100 139 116 121 82 83 63 82 77 147 135 67 70 116 16 86 82 94 145 63 12 62 77 103 83 115 53 162 66 45 106 103 94 73 101 156 37 117 112 91 76 89 43 128 97 99 86 85 139 78 84 51 54 108 83 125 89 12 107 88 133 90 145 118 72 64 56 20 69 130 109 105 155 29 112 65 154 96 118 80 130 118 81 126 80 107 75 126 114 40 37 88 64 114 124 32 129 89 59 51 108 39 61 148 64 64 21 18 74 82 104 149 117 83 141 81 88 100 109 118 65 105 31 34 63 143 62 89 46 121 57 94 96 105 43 101 113 128 66 29 59 96 82 107 101 60 134 113 47 68 13 36 77 83 62 110 68 135 76 67 134 133 138 68 72 71 73 63 114 67 121 70 82 6 19 48 104 106 94 50 58 74 124 84 130 20 109 115 102 86 82 112 84 113 96 97 137 92 109 32 89 74 29 151 95 111 53 111 58 70 49 116 49 96 61 80 120 110 50 38 30 110 85 71 104 58 128 117 60 80 97 110 12 112 60 55 158 102 137 38 53 122 46 122 42 118 131 128 39 34 118 111 107 117 118 65 103 60 91 30 135 36 81 118 118 63 115 73 112 135 130 68 163 27 75 75 78 152 106 78 13 132 62 74 72 44 119 80 43 83 135 47 106 89 76 137 152 151 36 58 23 51 39 82 86 137 102 88 54 76 85 118 156 115 27 64 63 29 76 104 88 146 94 92 121 76 142 98 107 42 140 66 129 55 46 41 95 88 73 115 117 68 99 40 53 78 124 117 84 98 97 96 70 130 107 31 69 104 115 114 70 35 91 34 112 78 59 134 70 131 104 36 62 38 97 61 84 23 92 114 93 105 33 65 149 113 30 25 53 100 88 95 86 62 138 86 65 76 45 71 102 55 25 45 64 55 63 137 89 39 101 124 77 70 113 47 112 123 91 107 146 142 106 44 102 80 101 30 82 115 109 59 68 47 97 46 36 87 75 57 114 141 70 115 28 128 77 87 129 99 127 87 29 102 164 112 92 114 67 123 145 62 109 64 70 71 146 59 63 11 94 164 98 76 77 128 87 103 140 128 65 88 101 46 131 104 85 90 119 76 96 111 96 139 51 9 153 103 112 122 119 116 90 90 22 44 134 38 78 75 67 57 137 89 44 103 53 98 32 135 143 82 138 52 67 14 103 86 59 104 52 91 142 106 132 45 155 117 119 125 68 147 120 115 56 142 68 68 74 47 98 68 141 59 101 139 103 82 111 78 20 34 109 50 58 88 85 44 163 92 111 123 132 86 48 122 64 135 43 82 74 42 79 99 104 146 82 94 38 76 64 61 59 75 69 70 96 64 74 65 131 100 33 21 25 111 35 151 124 25 39 84 105 113 113 117 139 60 47 47 74 115 112 64 107 75 70 159 156 103 157 114 94 92 91 28 148 69 115 34 100 155 86 88 114 119 130 112 69 35 107 13 79 131 82 40 141 156 165 118 67 49 141 88 70 46 38 163 126 89 64 133 120 49 69 69 34 84 76 32 37 72 56 88 98 55 58 171 84 44 66 89 44 62 57 41 129 71 122 69 141 132 133 91 65 94 54 64 129 68 72 64 164 84 157 26 140 121 51 104 40 82 40 95 131 104 56 81 156 124 115 46 118 131 85 42 47 134 113 22 93 103 83 167 132 37 57 53 147 45 122 126 127 89 87 73 59 53 112 137 43 52 75 146 105 36 101 90 96 60 92 25 126 99 124 23 137 71 122 123 139 105 92 54 90 127 98 137 121 137 79 106 71 93 69 54 81 92 42 90 115 73 68 96 145 67 125 101 94 145 59 71 82 112 101 156 83 123 36 153 94 118 123 97 70 80 124 45 101 45 54 
87 93 65 62 91 107 88 96 96 114 105 71 69 79 94 112 91 116 101 94 21 88 91 51 95 60 65 110 47 65 56 114 111 124 63 42 125 114 61 110 54 127 107 94 123 16 144 61 71 34 130 84 76 112 65 118 35 91 42 66 97 101 55 114 92 128 39 84 107 91 63 112 94 52 13 94 40 117 87 128 77 111 37 128 82 115 78 66 122 79 71 112 81 81 56 84 83 71 78 84 103 97 88 71 67 80 111 27 33 58 43 113 106 114 19 74 35 91 30 55 103 68 71 99 64 126 55 86 75 101 63 77 79 114 99 88 118 81 69 73 134 122 98 84 52 136 88 27 22 76 48 63 135 139 112 93 68 37 49 54 20 61 70 92 123 71 96 109 116 112 106 105 26 86 106 32 101 84 98 76 23 63 50 36 41 80 141 76 55 62 114 155 58 112 67 57 114 51 109 46 83 91 67 47 97 92 106 61 78 81 96 76 107 136 60 63 72 111 18 80 71 54 66 97 121 72 75 76 31 21 88 64 58 51 100 92 99 113 72 123 98 65 103 108 6 115 101 98 84 48 82 71 71 67 82 92 92 85 25 75 144 130 147 89 38 136 57 43 30 83 77 68 94 83 114 86 106 88 83 81 50 126 78 105 118 69 121 121 85 63 94 76 111 43 96 151 102 70 87 98 34 56 37 123 113 121 106 38 108 47 66 13 101 79 97 136 74 62 122 129 66 113 86 55 41 14 53 64 127 69 118 41 93 75 122 95 122 55 79 101 94 96 85 97 64 53 94 56 70 141 83 134 91 100 61 72 65 66 97 99 63 76 82 55 51 92 68 78 76 109 65 42 46 95 55 89 85 22 90 124 72 114 87 100 106 117 34 128 132 75 134 49 116 113 120 39 37 50 136 35 131 52 76 89 126 38 120 19 78 85 38 67 55 104 74 33 98 88 90 83 85 111 43 64 35 60 75 50 65 104 96 54 90 107 27 111 63 123 136 71 107 25 99 102 50 67 60 49 65 91 96 119 143 80 109 107 131 79 76 75 46 55 74 130 113 65 134 98 79 117 59 127 101 55 57 105 31 109 43 129 123 84 103 116 159 114 53 111 75 46 58 73 87 78 62 42 97 94 84 43 103 44 109 92 49 111 59 109 85 80 86 132 127 62 50 86 63 122 114 62 47 86 59 39 72 75 112 75 84 98 112 100 69 96 43 131 45 108 101 87 125 109 125 79 67 122 83 88 91 81 102 71 92 39 95 99 56 87 100 69 118 91 100 58 109 82 66 142 49 44 42 62 102 60 82 107 61 121 45 102 70 80 83 48 151 73 103 80 123 70 54 42 119 92 114 49 42 48 71 67 93 71 53 117 86 52 103 40 64 94 138 45 58 41 86 83 105 73 42 45 78 101 79 144 77 89 108 96 88 67 62 120 71 61 121 53 125 116 57 117 142 111 41 124 33 107 34 143 42 80 116 68 50 80 95 80 124 17 19 98 44 96 78 75 74 113 115 125 68 109 72 95 40 68 98 88 121 75 109 113 98 90 65 69 107 63 113 95 69 48 99 109 129 116 23 111 133 52 90 98 37 82 114 96 26 93 33 70 107 97 82 95 87 40 63 101 69 112 91 120 104 127 124 116 65 100 87 60 62 37 106 12 132 81 130 109 50 114 72 65 44 148 82 47 27 98 87 87 75 54 67 73 127 99 23 42 55 104 57 71 78 75 36 91 101 70 28 101 106 28 24 48 98 57 38 58 130 46 102 42 78 79 105 97 75 88 80 70 80 102 123 119 68 82 111 111 94 88 102 34 132 39 81 114 92 122 41 78 81 79 47 108 70 104 117 95 131 125 117 60 96 76 102 108 117 119 71 38 110 125 78 110 58 107 125 90 96 122 17 106 
5
0 1
100 30
500 600
7 800
2 3