960
4
194 483
116 377
255 497
71 301
233 515
176 481
70 254
287 526
299 624
125 461
188 375
198 421
130 320
167 487
134 407
190 506
163 504
105 337
151 398
224 490
75 414
95 423
197 505
227 484
71 417
127 413
256 555
65 258
262 594
249 472
148 392
80 264
233 470
122 353
189 534
228 521
144 504
85 340
135 423
285 469
267 621
156 419
110 360
222 538
137 355
272 627
202 546
187 505
295 486
169 453
203 456
298 507
277 468
126 321
67 317
191 528
89 390
267 505
236 560
253 472
245 445
84 428
287 467
278 595
207 475
243 427
102 307
206 526
288 556
207 525
63 273
115 327
271 567
218 529
166 387
150 373
180 519
266 573
244 493
83 415
206 395
159 395
161 491
76 317
247 476
117 450
100 290
278 521
248 586
244 485
259 553
195 501
285 490
163 440
273 468
122 370
216 407
203 423
207 410
74 395
86 409
159 376
196 376
62 399
222 407
187 528
175 475
257 492
178 473
241 453
232 477
113 294
151 465
228 463
188 411
84 405
217 546
153 489
216 496
147 414
216 479
219 399
77 422
104 455
190 516
175 390
216 484
143 494
63 299
87 307
87 320
106 303
232 521
182 432
175 468
181 483
180 403
178 433
143 370
239 476
75 432
214 443
217 554
95 442
209 446
215 565
144 374
98 349
153 429
93 424
298 654
229 426
243 582
148 457
144 425
240 532
117 459
130 392
91 450
279 512
211 455
229 414
223 411
72 301
219 530
169 406
172 357
242 477
261 469
201 502
299 533
87 289
261 581
102 434
191 408
61 283
258 609
245 554
192 450
282 497
133 401
213 410
192 483
213 519
97 391
287 528
203 517
226 513
297 602
66 264
199 416
81 269
216 397
76 275
265 509
159 499
92 420
203 467
274 538
118 333
149 390
249 568
226 553
229 579
247 477
161 472
170 479
149 365
235 594
65 288
127 418
216 476
261 612
174 419
79 378
254 476
237 481
80 391
242 582
140 421
270 600
172 375
277 557
217 405
217 445
174 364
103 349
188 380
70 348
95 341
280 529
111 362
209 517
197 500
238 429
61 284
151 378
178 366
72 331
71 283
103 378
102 390
140 421
82 350
238 422
219 454
108 401
161 437
80 330
260 596
236 521
190 543
295 584
184 389
142 332
129 394
102 287
106 355
167 365
270 478
237 560
134 462
271 615
118 339
77 344
112 311
248 451
175 359
145 404
220 548
182 405
89 429
285 635
290 546
96 343
235 564
250 483
186 446
84 443
156 460
99 330
142 349
242 548
95 306
111 355
183 410
221 510
65 256
111 428
277 533
97 442
76 336
283 566
257 611
101 343
134 419
276 509
70 309
98 297
199 517
294 577
108 313
166 456
171 507
223 454
68 411
108 423
97 315
251 466
196 458
109 391
270 584
158 479
257 600
115 451
63 414
71 321
239 581
61 399
253 546
242 453
137 325
197 547
293 512
129 462
244 486
277 527
170 504
223 403
278 504
288 630
186 423
262 498
169 448
60 278
139 332
87 357
129 459
76 399
171 356
67 252
262 506
178 484
162 437
285 583
69 283
132 456
185 507
73 379
75 423
226 573
273 585
122 332
119 339
288 489
109 415
229 484
136 323
294 585
284 605
163 510
282 613
65 379
263 479
210 450
86 416
205 445
300 548
215 485
244 572
78 307
177 532
181 421
274 614
124 334
91 449
215 504
290 471
248 494
179 475
156 355
215 489
196 451
189 433
271 527
295 618
99 372
165 451
96 395
184 397
202 543
110 423
156 387
162 357
164 520
96 432
75 333
164 359
218 547
176 364
191 545
190 465
229 475
95 356
157 495
238 581
250 530
291 513
68 374
278 605
295 486
230 539
296 618
136 369
132 415
159 417
273 551
270 507
136 477
167 475
163 503
170 485
168 407
284 505
253 554
270 507
85 276
286 468
278 622
183 532
212 483
75 345
285 532
101 396
188 382
145 448
277 549
253 496
109 381
258 618
263 582
252 459
250 522
243 564
151 404
98 434
282 586
270 454
286 622
104 335
225 553
266 493
150 414
243 463
113 453
223 539
120 401
162 389
138 450
238 492
249 549
120 478
259 617
149 479
169 521
257 572
272 560
300 515
255 442
281 501
90 333
227 443
171 444
282 599
165 388
264 489
268 503
276 559
233 444
230 497
65 281
97 441
87 359
171 508
101 414
119 459
94 360
201 459
123 309
167 410
168 363
130 350
123 457
175 402
225 479
130 342
164 421
144 386
128 428
158 467
230 415
205 429
297 551
99 319
287 577
244 545
73 283
229 498
170 432
177 357
181 383
264 514
215 445
90 279
157 391
195 403
106 302
156 380
284 583
159 476
264 504
174 452
101 375
177 502
211 500
249 558
78 302
126 306
226 466
208 448
119 388
222 420
87 407
235 560
68 315
295 654
184 417
291 606
152 454
245 602
117 366
166 468
238 472
131 466
249 559
222 547
257 490
162 416
134 380
106 324
83 392
234 464
142 407
223 475
226 572
293 519
170 485
159 401
182 490
112 304
239 590
140 324
67 362
220 447
292 627
103 342
251 541
167 463
219 569
277 488
207 424
95 392
196 513
145 354
125 336
251 543
174 358
106 316
191 537
96 277
223 552
203 467
72 363
61 336
214 444
165 516
146 328
287 616
277 623
95 382
146 409
285 515
234 495
278 576
216 465
275 573
258 497
92 285
124 364
156 404
105 337
159 343
176 495
218 510
69 343
217 519
72 280
114 423
194 526
98 327
159 491
209 507
297 531
229 560
61 302
86 377
86 442
199 408
129 316
276 635
97 291
193 442
294 569
165 490
162 510
198 455
80 332
142 482
274 559
194 481
272 487
171 368
271 509
127 401
94 338
225 438
186 492
104 432
244 506
140 392
97 325
88 322
167 384
164 480
103 386
287 475
178 416
179 366
236 423
221 440
157 379
159 471
107 420
85 408
284 622
98 401
108 443
162 458
234 438
174 381
110 423
259 472
237 553
63 355
278 638
63 284
294 483
236 532
204 490
254 479
243 466
235 559
170 375
148 485
247 601
266 567
276 622
226 542
251 524
86 282
188 472
94 304
134 318
199 391
217 469
257 589
203 463
190 471
123 385
228 516
196 465
61 336
134 403
170 512
105 292
60 242
138 335
193 390
258 560
135 389
167 384
238 565
155 494
223 571
114 427
231 572
256 567
114 381
276 505
127 485
158 465
177 441
178 358
234 506
174 517
216 569
291 472
74 402
62 261
284 518
283 471
249 583
163 384
88 319
213 527
206 398
138 366
248 473
102 319
95 278
145 384
102 297
63 286
100 402
222 427
139 330
111 444
268 600
82 417
154 382
89 431
112 324
137 391
133 470
147 391
253 612
183 418
125 431
197 525
285 628
127 393
135 396
119 402
241 521
257 522
287 544
68 284
268 474
117 328
222 408
78 306
268 563
181 408
201 412
263 475
244 503
211 545
246 605
219 412
116 457
266 601
146 328
133 348
299 543
290 555
89 407
270 597
203 399
83 407
134 423
167 356
114 348
159 414
172 483
207 474
240 572
165 386
141 479
103 453
167 383
172 373
288 601
201 493
175 447
261 456
138 489
239 517
95 398
246 553
193 538
99 399
100 296
223 474
171 422
213 562
146 425
246 589
224 441
256 537
231 444
99 355
71 359
212 503
171 402
294 503
257 537
129 439
293 562
112 321
154 423
158 417
258 517
163 489
242 497
247 428
166 443
197 410
219 460
297 550
158 492
75 404
190 412
75 405
162 516
78 374
230 493
94 324
269 558
161 378
255 550
285 584
297 551
289 515
188 526
263 482
136 413
123 470
100 319
252 442
279 478
236 488
161 352
97 423
235 578
90 410
233 456
122 341
184 453
150 454
258 554
254 482
250 543
104 357
64 336
87 421
98 426
70 344
125 481
68 330
294 527
180 409
199 402
143 414
243 505
292 630
162 487
69 415
82 371
157 459
71 347
227 419
188 404
82 338
62 374
147 365
191 542
110 468
197 464
161 361
205 396
167 506
68 354
134 456
122 360
194 447
176 447
132 407
183 473
139 346
269 620
157 496
138 444
65 378
161 501
255 561
153 485
147 351
175 527
84 310
72 371
227 416
233 476
206 550
114 346
152 409
292 488
81 265
276 534
129 363
259 573
272 617
107 459
65 321
78 334
257 584
226 438
110 439
180 428
88 335
173 476
240 560
61 270
69 416
189 522
64 300
87 315
70 335
177 390
139 422
299 607
242 468
288 531
120 321
134 424
92 419
206 560
250 486
185 386
101 410
161 381
115 450
212 451
65 402
123 335
264 532
146 424
103 390
161 354
68 273
143 437
0 1000
0 1000
0 1000
0 1000
1 1 1 1
960 960 960 960
77 103 44 87 
163 79 136 93 
110 54 112 65 
59 68 79 62 
105 103 66 91 
49 125 57 107 
159 73 135 88 
38 109 77 96 
102 109 65 96 
60 125 100 114 
121 100 139 105 
142 58 116 71 
136 51 121 69 
52 87 82 79 
123 102 83 94 
86 128 63 112 
122 98 82 91 
46 132 77 116 
172 86 147 101 
124 86 135 94 
90 15 67 21 
110 97 70 88 
95 90 116 91 
56 67 16 51 
126 102 86 95 
117 59 82 60 
78 66 94 65 
129 104 145 110 
49 55 63 47 
38 82 12 65 
100 62 62 56 
44 130 77 114 
65 121 103 111 
114 138 83 124 
123 47 115 63 
89 50 53 42 
145 118 162 125 
49 131 66 114 
85 72 45 61 
69 118 106 110 
106 42 103 54 
129 139 94 127 
108 120 73 107 
69 101 101 94 
137 117 156 123 
63 32 37 16 
78 157 117 144 
131 44 112 61 
69 74 91 71 
76 32 76 34 
59 146 89 130 
19 101 43 84 
144 59 128 76 
57 123 97 112 
86 63 99 65 
49 132 86 118 
91 23 85 35 
162 76 139 91 
108 37 78 42 
120 67 84 66 
81 113 51 97 
37 118 54 101 
116 39 108 55 
120 126 83 114 
158 83 125 92 
121 141 89 128 
43 57 12 39 
142 80 107 84 
48 120 88 107 
161 79 133 91 
74 64 90 63 
126 107 145 112 
95 94 118 94 
57 58 72 52 
84 6 64 13 
24 110 56 94 
32 57 20 40 
54 134 69 117 
157 74 130 87 
69 140 109 128 
87 77 105 77 
146 100 155 111 
66 51 29 37 
71 139 112 128 
27 95 65 82 
141 106 154 115 
72 81 96 78 
135 49 118 66 
52 138 80 122 
135 64 130 79 
117 59 118 71 
43 127 81 112 
151 67 126 81 
120 86 80 81 
125 38 107 56 
115 92 75 84 
153 70 126 83 
141 57 114 71 
10 94 40 78 
69 99 37 84 
49 114 88 103 
101 110 64 97 
93 88 114 88 
138 54 124 71 
71 82 32 67 
151 65 129 80 
49 124 89 111 
89 30 59 27 
46 45 51 33 
110 45 108 58 
29 57 39 43 
66 131 61 113 
137 97 148 106 
83 131 64 114 
88 16 64 19 
42 91 21 74 
42 52 18 35 
34 104 74 91 
99 12 82 30 
106 43 104 55 
143 92 149 103 
118 56 117 68 
121 73 83 71 
131 89 141 99 
61 69 81 64 
56 142 88 126 
125 42 100 55 
145 82 109 86 
145 63 118 75 
30 116 65 101 
133 52 105 63 
64 94 31 77 
21 96 34 79 
58 132 63 114 
135 89 143 99 
22 103 62 88 
50 132 89 118 
11 97 46 81 
129 53 121 69 
20 87 57 73 
125 147 94 134 
56 136 96 122 
73 104 105 98 
78 99 43 84 
122 36 101 52 
73 149 113 136 
117 81 128 88 
93 24 66 27 
53 40 29 22 
99 86 59 76 
97 38 96 48 
118 63 82 63 
68 149 107 135 
133 152 101 139 
59 129 60 112 
124 84 134 93 
138 55 113 68 
40 49 47 37 
103 51 68 49 
27 71 13 54 
64 35 36 20 
56 68 77 61 
121 71 83 70 
23 108 62 92 
70 133 110 123 
107 78 68 71 
123 89 135 96 
39 125 76 109 
55 134 67 116 
108 112 134 112 
111 104 133 106 
121 100 138 105 
71 27 68 26 
112 95 72 86 
36 122 71 106 
73 30 73 32 
30 117 63 101 
97 82 114 84 
104 110 67 98 
117 66 121 76 
93 14 70 23 
62 68 82 63 
46 67 6 50 
39 53 19 36 
85 50 48 41 
83 81 104 80 
71 156 106 141 
131 75 94 76 
27 68 50 55 
97 70 58 62 
106 127 74 114 
87 169 124 155 
118 56 84 58 
103 113 130 112 
56 84 20 67 
119 40 109 57 
79 121 115 114 
108 37 102 51 
46 122 86 109 
75 45 82 46 
146 77 112 83 
47 102 84 91 
137 53 113 67 
99 35 96 47 
61 106 97 97 
130 82 137 92 
53 118 92 106 
132 46 109 61 
65 94 32 78 
59 88 89 81 
113 106 74 96 
62 92 29 76 
177 93 151 107 
125 150 95 136 
115 46 111 60 
23 77 53 63 
100 66 111 72 
63 128 58 111 
81 9 70 18 
88 93 49 80 
111 61 116 71 
27 67 49 54 
129 61 96 66 
26 113 61 97 
50 137 80 121 
143 57 120 72 
141 66 110 75 
9 91 50 76 
40 46 38 31 
52 39 30 21 
146 84 110 88 
66 68 85 64 
50 66 71 58 
118 34 104 51 
32 117 58 100 
113 86 128 92 
91 101 117 99 
68 130 60 113 
53 79 80 72 
58 137 97 123 
81 102 110 98 
39 82 12 65 
81 108 112 103 
45 125 60 108 
69 17 55 6 
148 105 158 115 
67 108 102 101 
124 91 137 98 
71 99 38 84 
91 56 53 48 
113 74 122 82 
86 84 46 71 
140 54 122 71 
82 80 42 67 
149 72 118 82 
119 85 131 92 
159 82 128 92 
25 102 39 85 
45 41 34 25 
111 66 118 75 
75 159 111 144 
67 143 107 130 
80 161 117 147 
98 87 118 89 
58 43 65 38 
67 151 103 136 
99 63 60 57 
93 32 91 43 
63 45 30 30 
152 66 135 83 
72 92 36 77 
119 69 81 68 
95 94 118 94 
104 78 118 83 
55 131 63 114 
149 79 115 86 
36 122 73 106 
148 84 112 88 
152 66 135 83 
130 68 130 81 
52 57 68 50 
147 119 163 126 
34 96 27 78 
37 120 75 105 
105 133 75 118 
116 72 78 69 
132 117 152 121 
66 133 106 121 
43 96 78 85 
31 80 13 63 
162 83 132 94 
102 85 62 76 
40 126 74 111 
63 47 72 43 
59 113 44 96 
82 165 119 151 
119 112 80 102 
83 83 43 70 
48 97 83 87 
121 92 135 98 
42 47 47 34 
110 43 106 56 
102 20 89 37 
102 138 76 123 
112 112 137 113 
131 117 152 121 
145 94 151 106 
33 53 36 38 
80 124 58 108 
23 64 23 47 
17 80 51 66 
63 30 39 13 
42 113 82 101 
125 82 86 79 
166 84 137 97 
67 151 102 136 
126 75 88 74 
25 75 54 62 
54 139 76 122 
112 144 85 129 
125 51 118 66 
146 102 156 113 
96 84 115 86 
67 70 27 55 
54 48 64 41 
73 15 63 14 
69 68 29 53 
53 71 76 64 
64 140 104 127 
68 72 88 69 
124 115 146 118 
109 24 94 41 
57 101 92 93 
146 61 121 75 
102 137 76 122 
138 83 142 95 
58 135 98 122 
124 38 107 55 
10 95 42 79 
170 90 140 101 
26 109 66 94 
112 92 129 96 
16 100 55 85 
45 115 46 97 
82 77 41 64 
122 43 95 53 
52 104 88 94 
109 58 73 56 
140 57 115 70 
77 154 117 141 
108 92 68 83 
64 150 99 134 
39 108 40 91 
37 117 53 100 
115 62 78 61 
134 55 124 72 
131 47 117 65 
121 66 84 66 
63 105 98 97 
60 108 97 99 
83 61 96 63 
37 87 70 76 
128 69 130 82 
115 39 107 55 
19 67 31 51 
29 106 69 92 
92 64 104 68 
145 68 115 78 
144 65 114 76 
104 122 70 109 
5 81 35 65 
95 31 91 42 
24 62 34 46 
85 98 112 95 
113 54 78 55 
20 104 59 89 
134 71 134 85 
77 18 70 22 
120 82 131 90 
64 137 104 124 
75 87 36 72 
60 131 62 114 
32 104 38 87 
60 109 97 100 
91 121 61 106 
48 132 84 117 
37 52 23 34 
58 144 92 128 
73 144 114 132 
130 75 93 75 
67 148 105 134 
72 62 33 49 
58 134 65 116 
132 107 149 113 
74 130 113 120 
31 55 30 39 
33 54 25 37 
34 62 53 50 
65 151 100 136 
97 20 88 35 
129 143 95 131 
117 46 86 52 
103 85 62 76 
160 73 138 89 
118 140 86 126 
97 39 65 38 
104 135 76 120 
74 30 45 19 
36 90 71 78 
76 89 102 85 
90 44 55 38 
63 82 25 67 
85 66 45 55 
34 120 64 104 
17 88 55 74 
94 35 63 33 
124 91 137 98 
56 96 89 88 
63 107 39 90 
138 81 101 83 
112 79 124 85 
112 123 77 111 
61 47 70 43 
114 52 113 64 
42 47 47 35 
130 43 112 60 
122 63 123 75 
119 40 91 50 
101 57 107 65 
135 95 146 104 
138 84 142 96 
122 36 106 54 
28 107 44 90 
65 117 102 107 
95 10 80 27 
62 122 101 111 
70 78 30 63 
113 137 82 123 
75 148 115 136 
139 61 109 71 
85 123 59 107 
72 25 68 25 
51 117 47 99 
60 111 97 102 
28 64 46 50 
76 81 36 67 
120 56 87 60 
62 53 75 49 
97 74 57 65 
91 91 114 91 
167 82 141 96 
55 136 70 119 
77 157 115 143 
51 97 28 80 
101 110 128 109 
38 122 77 107 
115 145 87 131 
129 66 129 79 
78 77 99 76 
143 58 127 75 
83 42 87 46 
15 71 29 55 
136 68 102 74 
145 123 164 130 
75 120 112 113 
126 61 92 65 
73 146 114 134 
105 110 67 98 
149 66 123 79 
123 114 145 117 
38 69 62 59 
69 139 109 127 
99 115 64 101 
52 62 70 55 
51 65 71 57 
133 97 146 105 
90 35 59 31 
91 124 63 109 
49 60 11 43 
129 141 94 129 
151 114 164 123 
71 89 98 84 
114 114 76 103 
45 131 77 116 
91 173 128 159 
125 125 87 114 
123 37 103 53 
119 108 140 111 
136 59 128 75 
52 53 65 46 
121 54 88 58 
84 73 101 73 
81 102 46 87 
137 62 131 78 
131 51 104 62 
84 36 85 42 
53 107 90 97 
96 94 119 94 
116 91 76 84 
107 26 96 43 
79 109 111 103 
103 30 96 44 
118 106 139 109 
23 108 51 92 
32 67 9 49 
181 98 153 111 
129 46 103 59 
77 115 112 109 
152 75 122 85 
108 73 119 80 
97 83 116 86 
119 146 90 132 
56 142 90 127 
18 79 22 62 
26 64 44 50 
132 73 134 86 
78 77 38 63 
53 139 78 122 
108 128 75 114 
106 67 67 62 
41 57 57 47 
140 71 137 86 
76 59 89 59 
80 49 44 39 
136 66 103 72 
93 86 53 75 
58 123 98 112 
17 92 32 75 
153 67 135 84 
135 87 143 98 
119 123 82 112 
125 93 138 100 
17 83 52 69 
105 108 67 96 
33 61 14 43 
65 145 103 131 
82 41 86 45 
84 124 59 108 
71 108 104 101 
17 103 52 87 
126 137 91 125 
124 104 142 109 
65 137 106 125 
144 62 132 79 
86 79 45 67 
136 117 155 122 
102 79 117 83 
152 80 119 88 
109 86 125 91 
109 89 68 81 
172 88 147 102 
141 54 120 71 
92 92 115 92 
91 45 56 39 
165 80 142 95 
30 114 68 99 
105 60 68 56 
114 95 74 87 
61 117 47 100 
131 63 98 69 
88 135 68 118 
140 77 141 91 
91 115 59 100 
97 51 101 58 
118 105 139 109 
79 84 103 82 
119 66 82 66 
74 157 111 142 
67 51 78 49 
28 61 20 44 
29 57 34 42 
107 52 109 62 
65 119 50 102 
31 72 58 60 
127 85 88 82 
45 120 85 107 
15 76 44 61 
151 112 163 121 
93 35 92 45 
80 107 111 102 
135 53 123 70 
143 63 132 80 
125 86 86 83 
86 58 48 48 
84 165 122 151 
30 85 64 73 
116 99 135 103 
11 96 43 80 
52 139 82 123 
46 79 74 70 
82 66 42 54 
108 37 79 42 
58 131 99 119 
74 97 104 92 
127 110 146 114 
113 44 82 49 
102 28 94 42 
24 63 38 48 
48 79 76 71 
104 74 64 67 
98 106 61 93 
25 84 59 71 
110 53 75 53 
52 134 69 117 
111 95 70 86 
122 41 96 52 
97 117 64 103 
69 41 74 40 
104 71 65 64 
161 83 131 94 
131 151 100 138 
25 61 33 45 
61 74 21 58 
29 58 25 41 
90 86 111 86 
28 101 35 83 
145 93 151 105 
143 57 124 73 
28 59 25 42 
77 57 39 45 
123 80 84 78 
72 108 105 101 
98 76 113 79 
76 158 113 144 
108 70 117 77 
158 72 139 89 
85 124 60 108 
73 112 47 96 
21 105 47 88 
47 75 74 67 
126 45 115 62 
73 130 112 120 
32 83 64 71 
106 50 107 61 
54 138 75 121 
106 55 70 53 
141 119 159 125 
186 104 156 116 
102 47 103 57 
186 105 157 117 
76 156 114 142 
54 123 94 111 
99 27 92 41 
126 136 91 124 
62 49 28 33 
176 94 148 107 
67 36 69 34 
76 157 115 143 
72 55 34 42 
77 83 100 80 
185 103 155 116 
63 73 86 68 
117 42 88 50 
100 76 114 80 
96 94 119 95 
150 63 130 80 
72 135 112 124 
82 6 69 17 
61 35 35 19 
76 104 107 98 
51 61 13 44 
39 108 79 96 
140 61 131 78 
54 82 82 75 
78 88 40 74 
119 110 141 113 
144 105 156 115 
152 116 165 125 
121 54 118 68 
40 125 67 109 
11 86 49 72 
136 83 141 95 
111 27 88 40 
41 78 70 68 
59 116 46 98 
36 106 38 88 
150 112 163 121 
131 60 126 75 
48 122 89 109 
51 130 64 113 
118 92 133 98 
154 83 120 90 
90 76 49 65 
40 79 69 69 
37 123 69 107 
74 77 34 63 
45 128 84 113 
36 108 76 95 
70 84 32 69 
76 60 37 48 
110 110 72 99 
62 126 56 109 
59 145 88 129 
58 128 98 116 
57 32 55 23 
63 128 58 111 
156 124 171 133 
73 52 84 52 
28 107 44 90 
28 113 66 98 
98 22 89 37 
14 98 44 82 
75 131 62 114 
26 112 57 96 
73 38 41 26 
160 83 129 93 
99 29 71 33 
136 52 122 70 
102 121 69 107 
134 87 141 97 
152 66 132 82 
164 84 133 95 
59 95 91 87 
57 46 65 40 
80 63 94 63 
81 117 54 101 
32 81 64 69 
100 114 129 112 
107 101 68 91 
96 135 72 120 
97 118 64 104 
146 120 164 127 
54 140 84 124 
185 103 157 116 
65 80 26 65 
128 92 140 100 
153 78 121 87 
91 70 51 60 
98 54 104 62 
76 49 40 37 
121 117 82 106 
61 29 40 12 
127 145 95 132 
134 66 131 81 
65 144 104 130 
65 126 56 109 
113 46 81 50 
145 104 156 114 
131 56 124 72 
118 51 115 65 
32 58 46 44 
80 162 118 148 
131 68 131 82 
114 39 85 47 
74 38 42 27 
45 116 47 98 
131 75 134 87 
148 82 113 87 
41 92 22 75 
86 50 93 54 
92 64 103 67 
57 80 83 73 
153 118 167 127 
115 94 132 99 
67 37 37 23 
46 52 57 42 
30 67 53 55 
174 90 147 104 
85 68 45 57 
126 56 122 71 
148 62 126 78 
142 58 127 75 
102 20 89 36 
51 101 87 91 
110 113 73 101 
25 83 59 70 
53 38 53 28 
82 106 112 101 
116 103 137 106 
45 42 43 28 
82 31 52 24 
108 46 75 48 
143 86 146 98 
127 42 105 57 
72 51 36 38 
96 51 101 58 
121 143 90 130 
102 32 96 46 
33 119 60 102 
97 30 92 42 
37 95 25 78 
150 64 126 79 
61 115 99 105 
102 95 124 97 
47 93 23 75 
158 71 137 88 
35 91 71 80 
128 55 122 70 
116 70 123 80 
125 95 139 102 
65 134 105 123 
53 133 92 119 
95 78 54 68 
61 88 90 82 
98 113 127 111 
58 122 98 111 
129 84 137 94 
105 84 121 88 
169 92 137 102 
81 28 79 34 
67 145 106 132 
65 42 71 39 
132 81 93 81 
98 129 69 114 
21 108 54 92 
112 136 81 122 
101 26 92 41 
10 95 42 78 
129 82 90 81 
146 70 115 79 
62 51 73 47 
100 123 68 108 
131 66 96 70 
174 91 145 104 
56 134 67 117 
105 93 125 95 
63 145 101 131 
56 140 94 125 
122 114 145 117 
33 72 59 60 
110 107 71 96 
121 79 82 76 
80 107 112 102 
63 118 101 108 
142 109 156 117 
48 134 83 119 
139 54 123 71 
73 50 36 38 
180 97 153 110 
57 140 94 125 
108 71 118 78 
93 113 123 110 
90 53 97 58 
105 120 70 107 
107 140 80 125 
156 81 124 90 
68 112 45 96 
61 135 101 122 
54 31 45 17 
54 123 54 106 
65 140 104 127 
108 65 70 61 
103 52 106 61 
49 136 80 120 
130 53 101 63 
91 70 105 73 
65 42 71 39 
25 69 15 52 
33 117 58 101 
27 70 13 52 
113 133 80 119 
118 79 128 87 
49 102 85 92 
143 69 137 85 
154 71 126 84 
169 84 143 98 
18 88 56 75 
75 68 35 55 
80 32 80 36 
148 62 129 79 
105 68 114 75 
142 56 121 72 
112 91 72 83 
117 32 95 47 
31 64 13 47 
31 115 54 98 
121 87 134 94 
24 61 30 45 
44 61 63 52 
76 152 116 140 
118 78 79 74 
114 95 74 87 
60 127 57 110 
91 130 67 115 
89 95 114 94 
141 59 114 72 
105 135 76 120 
107 106 68 94 
26 98 65 85 
57 125 55 108 
180 96 152 110 
89 78 49 66 
121 88 81 82 
90 40 92 47 
139 63 108 72 
57 98 90 89 
87 113 55 98 
103 88 122 91 
54 140 87 124 
57 74 81 68 
149 110 161 119 
79 93 42 79 
45 43 46 30 
115 59 117 70 
66 48 76 46 
53 132 65 114 
70 36 73 35 
112 100 72 90 
87 134 68 118 
100 89 60 78 
34 119 59 102 
58 143 95 128 
128 86 137 95 
73 154 111 140 
81 128 61 112 
105 41 73 43 
137 56 125 73 
162 78 134 92 
61 135 101 122 
124 90 84 85 
140 64 109 73 
125 39 105 55 
86 54 48 45 
106 103 67 92 
85 38 86 43 
125 43 113 60 
73 57 86 56 
69 81 30 66 
40 75 67 65 
130 88 91 85 
81 57 43 47 
99 30 93 43 
124 149 94 135 
89 46 54 39 
106 44 73 45 
146 93 152 105 
114 134 82 121 
115 37 105 53 
99 82 59 72 
135 64 102 71 
147 84 111 88 
117 104 137 107 
99 106 61 94 
53 89 84 81 
109 116 72 103 
108 125 74 112 
84 19 59 17 
32 64 52 51 
141 70 108 77 
59 37 61 30 
89 31 59 28 
132 149 99 136 
117 113 140 114 
57 75 17 59 
141 57 116 71 
93 39 60 35 
111 57 113 67 
110 58 74 56 
121 71 84 70 
53 139 81 123 
102 78 117 82 
106 107 68 95 
147 67 119 78 
76 122 113 114 
116 92 76 85 
133 116 153 121 
58 138 97 124 
72 98 38 83 
124 54 120 69 
137 86 99 86 
77 163 110 59 105 49 159 38 102 60 121 142 136 52 123 86 122 46 172 124 90 110 95 56 126 117 78 129 49 38 100 44 65 114 123 89 145 49 85 69 106 129 108 69 137 63 78 131 69 76 59 19 144 57 86 49 91 162 108 120 81 37 116 120 158 121 43 142 48 161 74 126 95 57 84 24 32 54 157 69 87 146 66 71 27 141 72 135 52 135 117 43 151 120 125 115 153 141 10 69 49 101 93 138 71 151 49 89 46 110 29 66 137 83 88 42 42 34 99 106 143 118 121 131 61 56 125 145 145 30 133 64 21 58 135 22 50 11 129 20 125 56 73 78 122 73 117 93 53 99 97 118 68 133 59 124 138 40 103 27 64 56 121 23 70 107 123 39 55 108 111 121 71 112 36 73 30 97 104 117 93 62 46 39 85 83 71 131 27 97 106 87 118 103 56 119 79 108 46 75 146 47 137 99 61 130 53 132 65 59 113 62 177 125 115 23 100 63 81 88 111 27 129 26 50 143 141 9 40 52 146 66 50 118 32 113 91 68 53 58 81 39 81 45 69 148 67 124 71 91 113 86 140 82 149 119 159 25 45 111 75 67 80 98 58 67 99 93 63 152 72 119 95 104 55 149 36 148 152 130 52 147 34 37 105 116 132 66 43 31 162 102 40 63 59 82 119 83 48 121 42 110 102 102 112 131 145 33 80 23 17 63 42 125 166 67 126 25 54 112 125 146 96 67 54 73 69 53 64 68 124 109 57 146 102 138 58 124 10 170 26 112 16 45 82 122 52 109 140 77 108 64 39 37 115 134 131 121 63 60 83 37 128 115 19 29 92 145 144 104 5 95 24 85 113 20 134 77 120 64 75 60 32 60 91 48 37 58 73 130 67 72 58 132 74 31 33 34 65 97 129 117 103 160 118 97 104 74 36 76 90 63 85 34 17 94 124 56 63 138 112 112 61 114 42 130 122 119 101 135 138 122 28 65 95 62 70 113 75 139 85 72 51 60 28 76 120 62 97 91 167 55 77 51 101 38 115 129 78 143 83 15 136 145 75 126 73 105 149 123 38 69 99 52 51 133 90 91 49 129 151 71 114 45 91 125 123 119 136 52 121 84 81 137 131 84 53 96 116 107 79 103 118 23 32 181 129 77 152 108 97 119 56 18 26 132 78 53 108 106 41 140 76 80 136 93 58 17 153 135 119 125 17 105 33 65 82 84 71 17 126 124 65 144 86 136 102 152 109 109 172 141 92 91 165 30 105 114 61 131 88 140 91 97 118 79 119 74 67 28 29 107 65 31 127 45 15 151 93 80 135 143 125 86 84 30 116 11 52 46 82 108 58 74 127 113 102 24 48 104 98 25 110 52 111 122 97 69 104 161 131 25 61 29 90 28 145 143 28 77 123 72 98 76 108 158 85 73 21 47 126 73 32 106 54 106 141 186 102 186 76 54 99 126 62 176 67 76 72 77 185 63 117 100 96 150 72 82 61 76 51 39 140 54 78 119 144 152 121 40 11 136 111 41 59 36 150 131 48 51 118 154 90 40 37 74 45 36 70 76 110 62 59 58 57 63 156 73 28 28 98 14 75 26 73 160 99 136 102 134 152 164 59 57 80 81 32 100 107 96 97 146 54 185 65 128 153 91 98 76 121 61 127 134 65 65 113 145 131 118 32 80 131 114 74 45 131 148 41 86 92 57 153 115 67 46 30 174 85 126 148 142 102 51 110 25 53 82 116 45 82 108 143 127 72 96 121 102 33 97 37 150 61 102 47 158 35 128 116 125 65 53 95 61 98 58 129 105 169 81 67 65 132 98 21 112 101 10 129 146 62 100 131 174 56 105 63 56 122 33 110 121 80 63 142 48 139 73 180 57 108 93 90 105 107 156 68 61 54 54 65 108 103 49 130 91 65 25 33 27 113 118 49 143 154 169 18 75 80 148 105 142 112 117 31 31 121 24 44 76 118 114 60 91 89 141 105 107 26 57 180 89 121 90 139 57 87 103 54 57 149 79 45 115 66 53 70 112 87 100 34 58 128 73 81 105 137 162 61 124 140 125 86 106 85 125 73 69 40 130 81 99 124 89 106 146 114 115 99 135 147 117 99 53 109 108 84 32 141 59 89 132 117 57 141 93 111 110 121 53 102 106 147 76 116 133 58 72 124 137 
103 79 54 68 103 125 73 109 109 125 100 58 51 87 102 128 98 132 86 86 15 97 90 67 102 59 66 104 55 82 62 130 121 138 47 50 118 131 72 118 42 139 120 101 117 32 157 44 74 32 146 101 59 123 63 132 23 76 37 67 113 118 39 126 83 141 57 80 120 79 64 107 94 58 6 110 57 134 74 140 77 100 51 139 95 106 81 49 138 64 59 127 67 86 38 92 70 57 94 99 114 110 88 54 82 65 124 30 45 45 57 131 97 131 16 91 52 104 12 43 92 56 73 89 69 142 42 82 63 116 52 94 96 132 89 103 132 97 53 87 147 136 104 99 36 149 81 24 40 86 38 63 149 152 129 84 55 49 51 71 35 68 71 108 133 78 89 125 134 112 104 100 27 95 122 30 117 82 110 66 14 68 67 53 50 81 156 75 68 70 127 169 56 113 84 40 121 37 122 45 77 102 53 35 106 82 118 46 94 88 106 92 93 150 46 77 66 128 9 93 61 67 61 113 137 57 66 91 46 39 84 68 66 34 117 86 101 130 79 137 102 82 108 125 17 105 108 91 99 56 74 84 54 80 72 85 82 102 41 66 159 143 161 87 43 151 63 32 45 66 92 69 94 78 131 79 122 84 66 68 57 119 96 120 133 72 117 133 96 80 83 85 126 47 113 165 112 83 97 92 47 43 20 138 112 117 94 53 124 64 80 30 113 82 84 151 75 75 139 144 51 102 84 70 48 15 68 71 140 72 115 24 101 61 137 83 135 38 95 90 109 92 100 115 77 43 104 58 57 154 92 150 108 117 62 55 47 66 105 108 61 87 69 39 67 106 64 68 65 122 81 31 62 98 54 104 71 18 82 137 87 131 104 109 121 132 52 144 144 75 148 62 134 107 130 55 54 62 151 20 143 46 85 73 140 39 135 30 90 89 44 82 66 120 88 35 91 96 107 81 79 123 47 52 47 43 63 40 57 95 84 36 107 117 10 122 78 137 148 61 123 25 117 111 64 81 56 53 74 91 82 136 157 97 110 122 145 66 77 58 42 71 68 123 120 61 146 110 66 114 69 139 115 62 65 97 35 124 60 141 114 89 114 131 173 125 37 108 59 53 54 73 102 62 51 36 107 94 91 26 109 30 106 108 67 98 46 115 75 73 83 146 142 79 64 73 77 139 128 67 57 71 59 49 66 86 123 92 67 87 123 93 83 108 61 145 41 124 108 103 137 104 137 62 79 117 79 80 86 89 88 54 92 45 80 114 60 95 117 63 135 77 115 51 105 84 66 157 51 61 57 52 119 72 85 120 76 112 35 107 53 63 86 58 165 85 99 96 139 79 66 37 131 97 110 44 28 63 79 74 106 84 53 134 95 41 117 41 71 83 151 61 74 58 86 101 93 57 59 57 80 108 76 158 70 72 124 112 105 75 45 130 83 50 138 55 119 104 47 105 156 123 27 136 49 94 36 157 55 83 103 73 42 76 94 63 135 6 35 104 61 108 61 82 88 110 105 116 54 125 86 83 27 78 116 106 112 60 122 130 92 83 76 79 123 77 128 108 84 60 110 126 145 128 32 128 124 52 107 113 22 98 131 112 38 83 29 52 121 87 66 84 95 46 63 117 81 114 101 135 118 120 140 103 80 92 78 70 54 49 117 29 145 66 144 126 46 104 56 51 58 162 68 39 38 116 75 82 92 50 64 80 118 94 37 52 67 90 68 56 62 58 20 101 113 83 38 106 103 42 31 46 86 42 51 51 143 32 119 30 95 64 115 95 93 71 91 55 70 95 134 133 78 88 113 122 84 84 92 28 145 42 81 129 108 136 26 95 82 70 51 123 66 91 134 93 145 140 114 72 107 79 107 118 109 134 54 50 97 140 71 113 53 120 140 81 112 135 31 123 140 65 52 136 53 70 42 69 117 70 133 79 102 69 71 84 88 68 32 62 68 56 91 32 64 115 87 61 61 152 78 95 127 130 95 59 135 106 98 125 96 78 88 40 63 98 113 88 140 74 110 93 43 59 48 132 36 100 134 89 119 143 86 154 128 41 56 78 135 90 64 39 54 103 38 43 57 81 75 88 57 30 149 46 44 93 134 37 82 64 84 104 106 89 116 125 19 64 70 37 31 149 113 75 57 39 57 58 71 139 78 107 67 122 92 116 138 98 54 86 
44 136 112 79 66 57 135 77 65 100 139 116 121 82 83 63 82 77 147 135 67 70 116 16 86 82 94 145 63 12 62 77 103 83 115 53 162 66 45 106 103 94 73 101 156 37 117 112 91 76 89 43 128 97 99 86 85 139 78 84 51 54 108 83 125 89 12 107 88 133 90 145 118 72 64 56 20 69 130 109 105 155 29 112 65 154 96 118 80 130 118 81 126 80 107 75 126 114 40 37 88 64 114 124 32 129 89 59 51 108 39 61 148 64 64 21 18 74 82 104 149 117 83 141 81 88 100 109 118 65 105 31 34 63 143 62 89 46 121 57 94 96 105 43 101 113 128 66 29 59 96 82 107 101 60 134 113 47 68 13 36 77 83 62 110 68 135 76 67 134 133 138 68 72 71 73 63 114 67 121 70 82 6 19 48 104 106 94 50 58 74 124 84 130 20 109 115 102 86 82 112 84 113 96 97 137 92 109 32 89 74 29 151 95 111 53 111 58 70 49 116 49 96 61 80 120 110 50 38 30 110 85 71 104 58 128 117 60 80 97 110 12 112 60 55 158 102 137 38 53 122 46 122 42 118 131 128 39 34 118 111 107 117 118 65 103 60 91 30 135 36 81 118 118 63 115 73 112 135 130 68 163 27 75 75 78 152 106 78 13 132 62 74 72 44 119 80 43 83 135 47 106 89 76 137 152 151 36 58 23 51 39 82 86 137 102 88 54 76 85 118 156 115 27 64 63 29 76 104 88 146 94 92 121 76 142 98 107 42 140 66 129 55 46 41 95 88 73 115 117 68 99 40 53 78 124 117 84 98 97 96 70 130 107 31 69 104 115 114 70 35 91 34 112 78 59 134 70 131 104 36 62 38 97 61 84 23 92 114 93 105 33 65 149 113 30 25 53 100 88 95 86 62 138 86 65 76 45 71 102 55 25 45 64 55 63 137 89 39 101 124 77 70 113 47 112 123 91 107 146 142 106 44 102 80 101 30 82 115 109 59 68 47 97 46 36 87 75 57 114 141 70 115 28 128 77 87 129 99 127 87 29 102 164 112 92 114 67 123 145 62 109 64 70 71 146 59 63 11 94 164 98 76 77 128 87 103 140 128 65 88 101 46 131 104 85 90 119 76 96 111 96 139 51 9 153 103 112 122 119 116 90 90 22 44 134 38 78 75 67 57 137 89 44 103 53 98 32 135 143 82 138 52 67 14 103 86 59 104 52 91 142 106 132 45 155 117 119 125 68 147 120 115 56 142 68 68 74 47 98 68 141 59 101 139 103 82 111 78 20 34 109 50 58 88 85 44 163 92 111 123 132 86 48 122 64 135 43 82 74 42 79 99 104 146 82 94 38 76 64 61 59 75 69 70 96 64 74 65 131 100 33 21 25 111 35 151 124 25 39 84 105 113 113 117 139 60 47 47 74 115 112 64 107 75 70 159 156 103 157 114 94 92 91 28 148 69 115 34 100 155 86 88 114 119 130 112 69 35 107 13 79 131 82 40 141 156 165 118 67 49 141 88 70 46 38 163 126 89 64 133 120 49 69 69 34 84 76 32 37 72 56 88 98 55 58 171 84 44 66 89 44 62 57 41 129 71 122 69 141 132 133 91 65 94 54 64 129 68 72 64 164 84 157 26 140 121 51 104 40 82 40 95 131 104 56 81 156 124 115 46 118 131 85 42 47 134 113 22 93 103 83 167 132 37 57 53 147 45 122 126 127 89 87 73 59 53 112 137 43 52 75 146 105 36 101 90 96 60 92 25 126 99 124 23 137 71 122 123 139 105 92 54 90 127 98 137 121 137 79 106 71 93 69 54 81 92 42 90 115 73 68 96 145 67 125 101 94 145 59 71 82 112 101 156 83 123 36 153 94 118 123 97 70 80 124 45 101 45 54 104 70 106 80 101 105 71 15 58 13 80 128 85 137 126 143 56 35 80 129 114 121 72 95 13 54 134 30 63 116 79 74 57 67 114 114 76 68 65 55 152 49 81 92 108 90 55 122 87 81 161 42 46 117 76 65 73 72 68 60 59 95 137 111 61 73 125 134 101 84 109 105 48 67 86 113 86 30 67 91 43 93 94 54 73 152 82 105 59 102 111 137 61 84 72 74 59 52 108 61 59 99 140 17 116 60 113 74 84 81 117 68 119 113 76 153 97 38 120 99 
87 93 65 62 91 107 88 96 96 114 105 71 69 79 94 112 91 116 101 94 21 88 91 51 95 60 65 110 47 65 56 114 111 124 63 42 125 114 61 110 54 127 107 94 123 16 144 61 71 34 130 84 76 112 65 118 35 91 42 66 97 101 55 114 92 128 39 84 107 91 63 112 94 52 13 94 40 117 87 128 77 111 37 128 82 115 78 66 122 79 71 112 81 81 56 84 83 71 78 84 103 97 88 71 67 80 111 27 33 58 43 113 106 114 19 74 35 91 30 55 103 68 71 99 64 126 55 86 75 101 63 77 79 114 99 88 118 81 69 73 134 122 98 84 52 136 88 27 22 76 48 63 135 139 112 93 68 37 49 54 20 61 70 92 123 71 96 109 116 112 106 105 26 86 106 32 101 84 98 76 23 63 50 36 41 80 141 76 55 62 114 155 58 112 67 57 114 51 109 46 83 91 67 47 97 92 106 61 78 81 96 76 107 136 60 63 72 111 18 80 71 54 66 97 121 72 75 76 31 21 88 64 58 51 100 92 99 113 72 123 98 65 103 108 6 115 101 98 84 48 82 71 71 67 82 92 92 85 25 75 144 130 147 89 38 136 57 43 30 83 77 68 94 83 114 86 106 88 83 81 50 126 78 105 118 69 121 121 85 63 94 76 111 43 96 151 102 70 87 98 34 56 37 123 113 121 106 38 108 47 66 13 101 79 97 136 74 62 122 129 66 113 86 55 41 14 53 64 127 69 118 41 93 75 122 95 122 55 79 101 94 96 85 97 64 53 94 56 70 141 83 134 91 100 61 72 65 66 97 99 63 76 82 55 51 92 68 78 76 109 65 42 46 95 55 89 85 22 90 124 72 114 87 100 106 117 34 128 132 75 134 49 116 113 120 39 37 50 136 35 131 52 76 89 126 38 120 19 78 85 38 67 55 104 74 33 98 88 90 83 85 111 43 64 35 60 75 50 65 104 96 54 90 107 27 111 63 123 136 71 107 25 99 102 50 67 60 49 65 91 96 119 143 80 109 107 131 79 76 75 46 55 74 130 113 65 134 98 79 117 59 127 101 55 57 105 31 109 43 129 123 84 103 116 159 114 53 111 75 46 58 73 87 78 62 42 97 94 84 43 103 44 109 92 49 111 59 109 85 80 86 132 127 62 50 86 63 122 114 62 47 86 59 39 72 75 112 75 84 98 112 100 69 96 43 131 45 108 101 87 125 109 125 79 67 122 83 88 91 81 102 71 92 39 95 99 56 87 100 69 118 91 100 58 109 82 66 142 49 44 42 62 102 60 82 107 61 121 45 102 70 80 83 48 151 73 103 80 123 70 54 42 119 92 114 49 42 48 71 67 93 71 53 117 86 52 103 40 64 94 138 45 58 41 86 83 105 73 42 45 78 101 79 144 77 89 108 96 88 67 62 120 71 61 121 53 125 116 57 117 142 111 41 124 33 107 34 143 42 80 116 68 50 80 95 80 124 17 19 98 44 96 78 75 74 113 115 125 68 109 72 95 40 68 98 88 121 75 109 113 98 90 65 69 107 63 113 95 69 48 99 109 129 116 23 111 133 52 90 98 37 82 114 96 26 93 33 70 107 97 82 95 87 40 63 101 69 112 91 120 104 127 124 116 65 100 87 60 62 37 106 12 132 81 130 109 50 114 72 65 44 148 82 47 27 98 87 87 75 54 67 73 127 99 23 42 55 104 57 71 78 75 36 91 101 70 28 101 106 28 24 48 98 57 38 58 130 46 102 42 78 79 105 97 75 88 80 70 80 102 123 119 68 82 111 111 94 88 102 34 132 39 81 114 92 122 41 78 81 79 47 108 70 104 117 95 131 125 117 60 96 76 102 108 117 119 71 38 110 125 78 110 58 107 125 90 96 122 17 106 127 61 61 120 63 73 39 52 101 52 119 87 92 85 84 98 75 55 36 79 75 72 83 47 47 98 94 45 52 140 74 87 110 115 94 72 120 94 85 108 110 66 82 47 72 89 98 91 124 68 119 79 30 70 46 114 35 90 118 78 102 128 95 140 112 43 73 92 122 85 73 55 45 92 43 60 56 66 65 85 47 43 135 39 45 105 121 53 72 71 88 107 94 81 103 112 17 51 77 30 28 136 114 59 71 35 67 56 70 123 82 95 78 114 85 121 124 83 69 86 
5
0 1
10 30
500 60
7 80
2 3