420
12
274 599
197 420
93 420
251 545
154 504
216 412
96 371
180 516
157 452
235 492
227 585
143 489
173 509
236 561
70 377
276 507
145 369
207 403
94 437
166 364
290 549
80 378
296 550
255 605
116 441
177 523
298 519
79 330
228 521
117 433
213 520
199 503
162 439
223 518
224 491
129 407
285 565
276 477
180 387
207 517
80 349
206 490
85 361
143 381
144 443
277 555
226 437
230 494
265 505
72 331
254 509
117 438
231 476
263 575
291 547
148 425
115 334
141 418
241 580
100 382
242 441
279 472
111 424
252 442
172 443
195 435
166 366
300 494
197 470
297 653
94 365
300 595
108 335
113 322
112 378
189 499
101 284
276 626
98 335
200 544
298 649
237 565
212 522
62 278
256 465
107 338
87 401
157 355
116 423
232 538
275 462
268 595
193 523
178 530
148 459
111 381
144 492
70 422
251 547
192 382
283 510
205 565
66 271
231 530
240 573
158 494
197 417
281 618
186 401
71 359
200 469
265 458
206 514
113 303
164 361
84 407
229 477
211 543
260 600
184 414
106 371
233 524
104 425
119 335
96 335
280 573
253 527
201 469
250 604
249 453
124 458
171 479
96 334
215 434
297 622
293 481
155 407
185 371
102 355
105 339
252 542
150 390
180 462
251 448
95 330
171 466
79 386
204 438
288 498
172 388
189 414
175 387
171 352
159 507
243 556
123 358
205 442
109 317
203 521
202 412
127 427
226 519
159 370
126 331
95 400
170 500
178 476
86 332
191 491
92 390
192 519
98 323
82 271
199 423
152 499
63 287
71 266
137 354
124 377
67 361
241 535
160 507
115 393
229 446
60 354
286 554
75 259
98 410
265 550
233 440
119 429
258 547
83 321
245 546
87 291
275 588
244 436
105 441
150 498
158 500
210 408
257 488
90 332
147 470
136 337
195 507
292 606
285 579
255 541
268 603
103 373
270 603
142 418
173 386
221 491
125 416
113 342
132 476
263 596
247 574
109 382
233 592
92 408
107 296
93 434
146 381
264 505
78 324
253 516
266 619
240 497
69 429
297 604
154 356
160 500
62 399
162 437
264 488
64 319
103 427
155 422
260 459
199 505
149 503
153 372
261 454
187 407
142 487
102 369
261 568
239 458
221 561
198 475
122 332
191 437
190 485
278 559
204 432
73 391
221 480
278 468
242 452
228 554
94 450
296 531
92 409
300 480
280 486
225 457
273 482
296 523
66 332
86 364
293 563
250 596
216 542
149 341
105 462
181 504
110 461
184 486
268 608
220 545
83 374
196 418
87 325
208 567
254 507
247 510
242 508
231 413
189 370
215 526
239 554
211 393
131 442
248 528
178 377
89 321
158 410
110 374
253 552
80 342
140 425
262 591
64 361
187 405
113 439
187 382
108 403
110 366
90 444
139 490
102 382
271 549
290 643
181 486
141 400
218 408
180 489
169 470
168 504
202 527
227 407
232 585
238 529
237 518
148 451
290 549
232 497
193 453
224 531
106 297
264 512
104 351
269 603
73 279
171 359
209 557
74 296
90 362
201 475
147 410
167 371
155 342
153 430
82 277
207 502
224 562
181 454
298 584
222 559
118 362
100 327
296 648
199 486
267 531
117 385
142 420
248 550
271 628
255 501
107 453
110 436
185 366
63 335
137 331
125 369
62 293
113 446
86 362
298 553
230 545
84 432
224 428
158 431
183 423
134 379
245 471
274 614
135 480
178 456
237 589
191 381
131 421
243 545
116 397
105 435
62 299
284 644
183 452
171 373
255 585
260 493
178 362
99 379
294 502
64 342
159 459
183 479
158 379
199 510
200 558
216 558
189 420
282 487
134 356
183 398
243 433
91 290
284 640
294 636
219 470
81 343
143 485
155 487
131 329
71 380
97 368
141 403
0 1000
0 1000
0 1000
0 1000
0 1000
0 1000
0 1000
0 1000
0 1000
0 1000
0 1000
0 1000
5 5 5 5 5 5 5 5 5 5 5 5
420 420 420 420 420 420 420 420 420 420 420 420
32 115 71 100 82 52 59 102 85 113 100 100 
108 48 107 59 107 77 103 31 57 57 107 124 
53 136 91 122 103 70 80 122 106 134 121 119 
61 112 98 103 108 43 86 89 85 113 123 130 
131 68 131 81 129 98 127 55 81 77 129 147 
126 72 130 84 130 92 125 54 80 81 131 149 
56 53 21 37 12 67 29 65 41 45 15 29 
115 31 101 48 96 94 101 43 58 38 90 108 
66 152 100 136 111 89 90 139 122 149 129 125 
108 104 69 93 59 129 81 125 103 95 48 37 
84 166 121 152 133 98 111 150 136 165 151 149 
112 123 76 111 70 138 88 142 118 114 63 47 
79 118 114 111 123 55 102 92 93 121 137 146 
116 136 84 122 78 145 94 152 128 126 75 57 
80 67 96 67 100 43 87 39 53 73 108 122 
120 62 122 74 121 88 117 46 72 71 122 139 
74 131 62 114 66 110 65 137 111 124 76 61 
44 128 82 113 94 64 71 115 98 126 111 110 
100 71 112 76 115 64 105 44 65 78 120 136 
126 63 125 76 124 94 122 50 76 72 124 141 
80 21 75 27 73 56 71 6 25 28 74 92 
81 56 43 46 31 91 53 77 57 47 14 29 
62 99 33 83 34 92 42 109 83 91 42 27 
99 76 114 80 117 62 106 49 68 83 124 139 
135 60 128 76 125 106 127 56 80 69 122 140 
70 114 47 97 48 103 54 123 97 105 56 39 
142 59 129 77 125 117 130 65 85 67 118 137 
105 42 72 44 62 103 80 70 61 36 48 64 
105 110 67 98 59 129 79 129 106 101 51 36 
139 92 147 103 148 103 141 72 98 101 150 167 
69 73 90 69 95 32 80 46 53 77 105 118 
114 144 85 129 82 145 95 158 133 135 82 64 
36 122 64 105 75 69 55 115 93 118 93 88 
154 69 128 83 120 140 133 91 99 71 107 123 
78 154 117 141 129 83 106 135 124 153 146 147 
171 86 146 101 137 157 151 107 117 89 124 140 
112 86 72 79 60 126 84 110 92 77 44 44 
151 66 134 83 128 130 136 78 94 72 119 137 
41 102 79 90 89 31 66 82 72 102 105 110 
128 44 103 57 94 115 107 68 74 45 83 100 
75 77 96 75 102 38 86 50 59 82 111 124 
114 104 135 107 140 77 126 76 94 111 148 162 
54 107 91 97 101 37 79 85 79 108 116 123 
170 89 141 101 131 160 148 113 118 89 117 131 
56 126 96 114 107 56 84 107 97 126 124 127 
100 17 87 34 82 80 87 30 43 25 78 96 
110 65 117 73 118 75 111 42 67 73 120 137 
46 111 42 94 50 83 41 113 88 104 65 54 
121 115 82 105 73 142 94 136 115 105 61 50 
37 49 31 32 35 37 25 46 21 45 46 57 
113 56 78 56 67 114 86 83 73 49 50 63 
44 50 53 39 58 20 45 35 21 51 68 81 
74 157 110 143 122 90 100 142 127 155 140 137 
49 127 60 110 70 86 56 125 101 121 86 77 
70 153 107 138 119 86 96 138 123 151 137 134 
58 144 89 129 101 84 80 134 115 141 118 114 
147 63 121 77 112 134 126 86 93 64 99 116 
39 126 73 110 84 67 63 115 96 122 102 99 
105 88 123 91 127 68 114 60 79 95 134 149 
138 56 126 73 121 113 126 61 81 64 115 134 
160 130 176 138 179 122 168 106 129 139 184 200 
131 48 118 65 113 107 118 55 74 55 107 125 
84 48 91 52 93 51 85 21 42 55 97 113 
76 59 37 47 25 88 48 79 57 50 8 23 
78 40 81 42 83 47 76 11 32 46 87 103 
67 33 39 18 33 67 44 50 30 24 28 46 
56 137 95 123 107 69 84 121 107 135 125 125 
138 64 132 80 129 109 131 60 84 73 126 144 
123 37 102 53 95 107 105 58 67 41 86 104 
10 76 38 61 49 28 26 67 46 73 65 70 
144 92 150 103 150 108 144 74 100 101 151 169 
129 94 141 102 144 92 134 70 94 103 148 164 
129 112 148 116 153 92 139 85 105 119 160 174 
102 86 61 76 50 118 74 108 88 77 35 32 
152 85 117 91 106 151 126 113 109 81 89 100 
77 93 104 89 111 43 94 66 73 98 123 134 
87 88 110 87 115 51 100 59 72 93 125 138 
148 70 117 80 107 140 124 97 98 69 92 106 
108 116 72 104 64 133 83 135 112 107 57 42 
68 152 104 137 116 86 94 137 121 149 134 131 
41 96 77 85 87 25 65 76 67 97 102 109 
107 133 76 118 73 137 86 148 123 124 71 53 
24 109 62 94 73 49 51 98 79 106 91 91 
135 77 98 79 87 137 108 105 97 71 69 79 
115 104 75 95 65 135 88 127 106 95 52 44 
119 53 117 66 115 89 113 42 67 62 114 132 
105 122 71 109 66 133 83 139 115 113 61 44 
163 83 133 94 123 154 140 108 112 82 108 122 
100 98 123 98 129 64 113 70 84 104 138 151 
31 55 27 39 33 36 19 52 28 51 47 56 
107 106 68 95 59 129 81 127 104 97 49 37 
122 84 133 92 135 86 126 60 84 92 139 155 
98 107 125 105 131 64 114 78 90 112 142 154 
105 45 71 45 61 104 79 73 63 38 46 61 
70 118 107 109 116 50 94 94 91 120 131 138 
58 127 99 115 110 56 86 107 97 127 126 130 
113 57 78 57 67 115 87 85 74 50 50 63 
86 23 59 21 51 80 64 49 39 14 42 61 
161 84 130 94 119 154 137 110 112 82 104 117 
100 85 60 75 49 117 72 107 87 76 34 30 
58 124 98 113 108 53 85 104 95 124 125 129 
39 47 37 32 41 32 30 41 17 44 51 63 
105 39 101 51 100 76 98 27 52 48 99 117 
70 60 85 58 89 34 77 33 43 65 97 111 
48 93 82 84 91 24 70 71 66 95 105 113 
54 139 90 124 101 75 79 126 109 136 119 116 
118 99 136 103 140 81 127 72 92 106 147 162 
105 86 122 89 126 68 114 58 78 93 133 148 
86 103 114 99 121 52 103 75 83 107 133 144 
95 135 71 119 71 129 79 146 121 126 74 56 
57 135 96 121 108 65 85 117 104 133 125 126 
133 61 101 68 91 129 109 89 87 58 75 89 
113 117 75 105 68 137 88 137 114 108 59 45 
83 115 117 109 125 55 105 88 92 118 138 148 
101 92 61 82 51 120 74 114 92 83 38 30 
85 102 113 98 120 51 102 74 82 106 132 143 
74 22 50 11 44 69 53 43 28 13 39 57 
101 61 109 68 110 66 102 36 60 69 114 130 
108 24 87 38 80 95 90 49 54 25 71 89 
117 38 107 55 104 92 106 40 61 47 100 118 
98 26 71 31 63 91 76 54 49 21 52 70 
128 85 89 82 78 136 100 112 99 77 60 65 
145 76 111 83 100 143 119 104 101 72 83 95 
57 120 50 103 57 94 51 123 98 113 70 57 
80 118 115 112 124 55 103 93 94 122 138 147 
112 95 131 99 135 75 122 68 87 103 142 157 
122 72 128 83 128 88 122 52 78 81 130 147 
168 85 140 98 130 156 146 108 115 86 116 131 
62 86 90 80 98 28 79 61 62 89 110 120 
104 104 65 93 56 126 77 124 102 95 46 34 
125 110 85 101 74 143 97 133 113 101 60 53 
165 79 141 94 133 148 145 98 109 82 120 137 
105 33 99 48 96 78 96 27 50 43 95 113 
121 89 81 84 69 133 93 115 98 81 52 53 
71 75 92 72 98 34 82 48 56 80 108 121 
49 108 38 90 44 84 40 112 86 101 58 47 
142 113 158 121 161 105 150 89 111 122 166 182 
98 91 119 92 124 61 110 62 78 97 132 146 
102 138 76 123 75 135 85 151 125 129 77 58 
113 92 130 97 134 76 122 65 85 100 140 155 
110 113 73 102 64 134 85 133 110 104 55 42 
140 120 159 126 163 103 151 94 115 128 170 185 
64 33 65 29 66 39 59 13 16 36 71 87 
120 108 141 111 146 83 132 80 99 115 153 168 
29 113 68 98 79 50 56 100 83 110 97 97 
67 130 107 119 118 59 95 108 102 131 134 139 
103 63 65 58 54 110 76 89 73 55 36 46 
25 61 30 45 37 31 20 55 32 57 52 60 
94 30 90 41 89 67 87 16 41 39 89 106 
40 117 51 100 62 77 47 115 91 112 78 71 
89 40 90 46 91 58 85 15 40 47 93 110 
88 97 114 95 120 53 103 69 79 102 131 143 
147 104 157 114 158 110 150 83 108 113 161 178 
52 74 77 66 84 15 66 50 48 76 95 106 
59 110 40 93 45 93 45 116 90 102 56 42 
113 35 104 51 100 87 102 35 57 44 97 115 
99 61 107 67 109 64 101 35 59 69 113 129 
67 73 88 69 94 30 79 46 52 77 104 117 
105 86 122 90 126 68 114 59 78 94 133 148 
158 71 138 88 131 138 141 86 101 76 121 139 
138 95 148 105 149 102 142 74 99 104 152 169 
125 63 125 76 124 93 121 49 75 72 123 141 
112 102 133 105 138 75 123 74 91 109 146 160 
88 34 57 30 48 87 64 60 47 25 36 53 
54 118 48 100 54 91 49 121 95 111 68 56 
62 53 74 49 79 28 66 28 33 57 87 101 
145 79 110 84 99 144 119 107 102 74 82 93 
112 61 116 71 116 78 111 40 66 69 118 135 
110 92 70 83 59 127 82 115 96 83 44 40 
118 35 94 48 86 106 98 61 65 36 75 93 
92 71 52 61 40 105 64 93 73 62 23 27 
70 41 37 28 28 74 44 60 39 32 19 38 
161 83 130 94 119 153 137 109 111 82 104 117 
120 53 118 67 116 90 115 43 68 63 115 133 
69 121 52 104 56 104 57 128 102 113 66 50 
52 92 85 83 93 24 73 69 65 94 107 116 
26 112 60 96 72 56 50 103 83 109 90 88 
31 111 48 94 59 68 41 107 84 106 76 70 
139 77 140 91 139 106 136 64 90 86 138 156 
75 106 45 91 42 105 54 118 93 98 46 28 
184 101 156 115 147 172 163 123 131 102 132 147 
42 47 47 35 52 24 39 36 17 47 62 74 
188 106 159 119 150 177 166 129 136 106 135 149 
81 32 51 24 42 80 57 55 40 23 32 50 
118 80 129 88 130 82 122 56 80 88 134 151 
69 87 96 83 103 34 85 61 65 91 115 126 
126 145 94 132 89 155 105 162 138 136 84 67 
131 45 110 61 103 115 113 65 75 49 93 110 
50 112 89 101 99 41 76 92 83 112 115 120 
97 42 64 39 53 97 71 68 57 34 39 55 
125 58 122 72 120 94 119 47 73 67 119 137 
129 51 100 61 90 121 106 78 79 49 77 92 
58 125 98 113 109 54 86 105 96 125 126 130 
124 72 129 83 129 89 124 53 79 81 131 148 
46 115 86 103 97 45 73 96 85 115 113 117 
113 67 120 76 121 78 114 45 70 76 123 140 
105 132 75 117 71 136 85 147 122 123 70 52 
22 70 19 53 29 44 6 69 44 65 46 50 
70 150 109 136 120 81 97 133 119 148 138 137 
131 112 150 117 154 94 141 85 106 120 161 176 
74 156 112 141 123 87 101 139 125 154 141 140 
78 96 106 92 113 44 95 69 75 100 125 136 
100 17 87 34 82 80 87 29 43 25 78 96 
129 91 90 87 78 140 101 117 103 83 61 64 
102 112 65 99 58 127 77 130 106 103 52 36 
146 81 110 86 99 145 119 109 104 76 82 93 
133 70 98 74 87 133 107 98 92 65 70 82 
88 115 57 100 53 118 67 129 104 106 54 35 
95 9 78 26 72 79 79 33 39 15 67 85 
55 109 39 92 44 89 43 114 88 102 57 44 
101 50 65 47 55 103 74 76 64 42 38 53 
67 153 100 137 111 90 91 141 123 150 129 125 
97 32 93 43 91 70 90 19 44 41 91 109 
95 110 124 107 131 62 113 82 91 115 142 154 
116 87 76 80 65 129 88 112 94 78 47 49 
53 101 88 91 97 31 76 78 73 102 112 120 
116 49 84 53 74 113 92 78 71 44 59 73 
58 133 98 120 110 62 87 114 103 132 127 129 
119 35 105 53 100 98 106 46 62 43 94 112 
93 93 116 93 122 56 106 65 78 99 131 144 
180 99 150 111 140 170 157 124 128 99 124 138 
32 54 32 38 37 32 23 49 25 50 50 60 
148 72 117 81 107 141 124 99 99 70 91 105 
139 53 119 69 112 121 122 71 83 57 102 120 
137 98 148 107 150 100 141 75 100 107 154 170 
52 45 24 28 20 58 28 55 30 38 25 40 
154 68 133 84 126 136 136 85 98 72 115 132 
71 80 94 76 100 34 84 53 60 84 111 123 
110 53 76 53 65 111 84 81 70 46 49 62 
115 37 106 53 102 89 104 37 59 46 99 117 
157 72 132 87 124 143 137 94 103 74 111 127 
153 74 124 85 114 144 131 99 102 73 99 114 
101 97 61 86 52 122 74 117 95 88 40 30 
139 63 108 72 98 132 115 90 90 61 83 98 
13 83 48 68 59 24 36 71 52 81 75 80 
92 121 62 106 59 122 72 135 109 112 59 41 
140 58 113 70 103 129 118 83 87 58 90 106 
122 142 90 128 85 151 100 159 134 133 81 64 
129 88 90 85 78 138 101 115 101 80 61 65 
72 141 112 130 123 70 100 121 112 141 140 143 
95 75 110 78 114 58 102 47 66 82 121 136 
54 119 94 108 104 48 81 99 90 119 121 125 
135 50 119 67 113 114 120 62 78 56 105 123 
138 57 127 74 123 112 127 60 81 65 117 136 
153 67 133 83 126 135 136 84 97 71 115 132 
124 89 136 97 138 87 129 65 88 97 143 159 
78 75 98 73 103 41 88 47 58 80 112 125 
136 113 154 119 157 99 145 87 108 121 163 179 
124 127 87 116 79 149 99 148 125 118 70 56 
120 68 84 67 72 124 93 95 84 60 55 65 
20 68 25 51 35 37 13 64 40 63 51 57 
53 137 89 122 101 72 79 124 107 135 119 117 
177 98 146 109 136 168 153 123 127 97 120 133 
134 51 108 64 99 122 113 76 81 52 86 103 
75 125 57 108 60 110 62 133 107 117 68 52 
98 63 108 69 110 63 101 37 60 71 114 130 
59 102 94 93 103 35 82 78 75 104 117 125 
32 97 70 84 81 27 58 79 67 96 97 102 
141 58 128 76 123 117 129 65 85 66 117 135 
83 48 47 38 36 88 56 70 52 39 21 37 
151 77 119 86 109 146 127 104 104 74 93 106 
40 102 33 85 41 75 32 104 79 95 57 48 
36 120 60 104 72 70 53 114 92 116 89 84 
27 59 26 43 34 35 17 56 31 55 48 56 
144 68 137 85 134 115 135 65 89 77 130 148 
143 60 130 77 124 119 130 67 86 67 118 136 
108 50 109 61 108 76 104 32 59 59 109 126 
88 54 51 46 40 95 61 77 60 45 23 36 
58 110 95 101 105 41 83 88 83 112 120 127 
74 122 54 105 56 109 60 130 104 114 64 47 
30 115 56 99 68 65 48 109 87 111 85 81 
95 60 104 65 106 60 97 33 56 67 110 127 
134 70 99 74 87 133 108 98 92 65 71 82 
26 59 33 44 40 29 23 53 30 56 54 63 
174 91 146 104 136 162 152 114 121 92 122 136 
65 125 55 108 61 102 58 130 104 118 73 58 
66 93 32 77 29 93 42 105 79 84 33 17 
116 64 120 74 120 82 115 44 70 73 122 139 
129 77 91 77 80 133 101 105 94 70 62 70 
86 56 49 47 37 95 59 78 60 47 20 34 
146 100 155 111 156 110 149 80 106 109 158 175 
74 79 96 76 102 37 86 52 60 84 112 125 
116 103 136 106 141 79 127 75 94 110 148 163 
98 108 125 106 132 63 114 80 90 113 142 154 
44 111 84 99 94 41 71 93 82 111 111 115 
88 39 55 33 45 89 63 64 50 30 32 49 
58 91 88 84 97 27 77 67 66 94 110 119 
48 49 20 31 18 56 24 57 31 42 26 39 
112 62 117 72 117 79 112 41 67 71 119 136 
48 126 59 108 69 85 55 123 99 120 85 76 
91 122 62 107 59 122 71 135 110 113 61 43 
142 56 118 71 109 127 122 78 87 59 98 115 
87 124 61 109 60 120 70 136 110 116 64 46 
85 17 77 27 75 62 75 12 29 26 75 92 
138 76 103 79 92 139 112 104 97 70 75 85 
162 85 130 95 119 155 137 111 113 83 104 117 
116 94 133 99 137 79 125 68 88 102 143 158 
138 53 114 67 106 123 118 75 83 55 94 111 
90 52 97 57 99 56 91 26 48 60 103 119 
59 33 36 16 33 57 38 44 21 26 34 50 
98 23 89 38 86 74 88 22 42 32 84 102 
131 77 135 89 135 97 130 59 85 86 136 154 
119 107 140 110 145 83 131 79 98 114 153 167 
166 80 143 96 135 149 147 99 110 83 123 140 
27 63 44 49 52 17 33 51 33 61 65 75 
121 48 115 63 112 94 113 43 67 57 109 127 
97 106 60 93 52 122 72 124 100 97 46 30 
149 81 114 87 103 147 123 109 105 77 86 97 
132 95 143 103 146 95 136 71 95 103 150 166 
56 125 96 113 107 54 84 105 95 125 124 127 
53 56 16 40 8 66 25 67 42 48 16 28 
130 70 94 72 83 131 103 98 90 64 66 77 
67 122 53 105 57 103 57 128 102 115 68 53 
138 64 107 72 97 132 114 91 90 61 81 96 
126 42 112 60 107 103 113 51 69 50 101 119 
51 89 83 80 91 22 71 66 62 91 105 114 
94 7 77 24 72 77 78 31 37 14 67 85 
65 33 38 17 32 65 42 48 28 24 29 47 
27 109 67 94 78 45 55 95 78 106 96 97 
15 101 53 85 65 43 42 90 71 97 83 83 
130 44 112 61 106 111 114 59 73 49 98 116 
56 117 95 107 106 47 83 96 89 118 122 127 
64 93 31 77 29 92 41 104 79 85 35 19 
148 104 158 115 159 111 151 84 109 113 162 179 
53 114 44 97 51 89 46 118 92 107 64 52 
48 104 85 93 95 33 73 83 75 105 111 117 
124 38 106 55 100 104 108 53 67 43 92 111 
69 33 41 19 33 69 46 51 32 24 28 46 
37 84 69 73 78 13 57 64 55 84 92 100 
126 71 89 71 77 129 99 99 89 64 60 70 
66 112 44 95 46 99 50 120 94 104 55 40 
163 81 135 94 126 152 141 105 111 82 112 127 
161 78 133 91 124 148 139 101 107 78 110 126 
108 98 129 100 134 71 119 70 87 105 142 156 
65 91 94 85 102 32 83 65 67 94 114 125 
139 86 101 87 89 143 111 114 104 79 71 78 
95 58 103 64 105 60 97 32 55 66 109 126 
72 151 111 138 123 82 100 134 121 150 140 140 
100 98 123 99 129 64 113 70 84 104 138 151 
37 123 71 107 83 63 61 112 93 120 101 99 
28 58 38 43 45 24 28 49 28 56 58 68 
32 118 63 102 75 62 54 109 89 114 93 90 
128 71 92 72 81 130 102 99 90 65 63 74 
56 38 59 31 61 32 53 21 14 40 68 83 
92 32 62 31 52 89 68 59 48 24 40 58 
131 86 139 96 140 95 133 65 90 95 143 160 
38 99 30 82 39 73 30 101 76 93 55 47 
94 99 120 99 126 59 109 71 83 105 136 148 
120 106 140 109 144 83 131 78 97 113 152 166 
136 57 126 73 122 109 125 58 80 65 117 136 
27 82 16 65 28 58 12 84 58 76 46 44 
42 50 52 39 56 20 43 35 21 50 67 79 
25 69 48 56 57 13 37 55 39 68 71 79 
157 73 131 86 122 143 136 95 103 74 109 125 
39 90 20 72 28 70 22 94 68 83 44 38 
110 30 99 47 96 87 99 35 54 39 91 110 
45 60 62 51 68 11 52 40 33 61 79 91 
124 38 102 53 95 108 105 59 68 41 85 103 
104 104 129 105 134 68 118 76 90 110 144 157 
157 124 172 133 174 119 164 101 124 133 179 195 
30 56 32 40 38 31 23 50 27 52 51 61 
55 120 50 103 57 92 51 123 97 113 71 59 
131 87 140 97 141 94 133 66 91 96 144 161 
18 95 58 81 69 32 46 82 65 93 86 89 
129 64 128 78 126 98 124 52 78 73 125 143 
143 81 144 95 143 110 140 68 94 91 143 160 
91 47 56 41 45 95 65 72 57 39 29 45 
115 47 84 52 74 112 91 75 70 42 59 74 
158 79 128 90 118 150 135 105 108 78 103 117 
42 48 49 36 53 23 41 35 18 48 63 76 
66 129 59 112 65 103 61 133 107 122 77 64 
86 105 115 102 123 53 104 78 85 110 135 146 
47 125 87 112 99 57 75 109 95 124 116 117 
18 87 26 69 38 52 17 84 60 81 56 55 
97 125 67 110 64 128 77 139 114 116 64 45 
25 104 65 90 76 40 53 90 74 102 94 96 
102 116 66 102 60 128 78 133 109 107 55 38 
16 69 33 53 42 30 21 62 40 66 58 64 
124 41 99 54 91 112 104 66 71 42 80 97 
117 55 117 68 116 86 113 41 67 65 116 133 
33 109 73 96 85 41 61 93 79 108 102 104 
125 110 85 101 75 143 97 133 113 101 60 54 
115 115 77 104 68 138 89 136 113 106 58 46 
113 38 84 45 75 105 90 66 63 34 62 79 
136 67 103 73 93 133 111 95 91 63 77 90 
114 70 121 79 123 78 115 47 72 79 126 142 
147 64 120 77 111 135 126 88 94 65 98 114 
44 62 7 45 7 61 16 70 44 55 24 30 
40 63 60 53 66 7 49 44 35 64 78 89 
93 109 122 106 129 60 111 81 90 114 141 152 
81 129 61 112 63 115 68 138 111 121 71 54 
106 70 116 77 119 70 110 45 68 79 123 139 
41 127 69 110 80 72 60 119 98 122 98 93 
127 62 93 66 82 126 102 91 84 57 66 79 
75 77 96 75 102 38 87 49 59 82 112 124 
133 65 100 70 89 130 108 93 89 61 73 86 
112 37 104 52 101 85 102 34 56 46 98 117 
109 108 133 109 139 73 123 79 94 114 148 161 
127 52 97 60 88 120 104 79 78 49 73 89 
66 128 106 117 116 57 93 106 99 128 132 137 
60 42 66 37 69 32 59 19 21 45 76 90 
182 102 152 113 142 172 159 126 131 101 126 140 
57 124 97 113 108 53 85 104 95 124 125 129 
64 46 30 32 21 71 37 62 40 38 15 33 
132 71 133 84 132 99 129 57 83 81 132 150 
71 63 87 61 92 34 78 36 46 68 100 114 
41 76 7 59 14 66 15 83 56 69 32 30 
88 117 58 102 55 118 68 131 105 109 56 38 
172 86 147 101 139 156 152 106 116 89 126 142 
29 105 40 88 51 67 34 103 78 99 68 62 
57 31 53 21 54 39 48 23 4 31 59 74 
49 39 33 22 32 47 31 43 17 34 39 53 
143 57 123 73 116 125 126 74 87 61 106 123 
89 93 113 92 119 53 103 65 77 99 129 142 
59 103 35 87 38 91 42 111 85 96 48 34 
82 43 86 46 88 50 80 15 37 50 92 108 
95 113 61 99 55 123 72 129 105 104 52 34 
156 73 128 86 119 144 134 96 102 73 105 121 
100 118 66 104 60 128 77 134 110 109 56 39 
91 28 62 27 54 87 68 55 45 20 43 61 
32 108 53 61 131 126 56 115 66 108 84 112 79 116 80 120 74 44 100 126 80 81 62 99 135 70 142 105 105 139 69 114 36 154 78 171 112 151 41 128 75 114 54 170 56 100 110 46 121 37 113 44 74 49 70 58 147 39 105 138 160 131 84 76 78 67 56 138 123 10 144 129 129 102 152 77 87 148 108 68 41 107 24 135 115 119 105 163 100 31 107 122 98 105 70 58 113 86 161 100 58 39 105 70 48 54 118 105 86 95 57 133 113 83 101 85 74 101 108 117 98 128 145 57 80 112 122 168 62 104 125 165 105 121 71 49 142 98 102 113 110 140 64 120 29 67 103 25 94 40 89 88 147 52 59 113 99 67 105 158 138 125 112 88 54 62 145 112 110 118 92 70 161 120 69 52 26 31 139 75 184 42 188 81 118 69 126 131 50 97 125 129 58 124 46 113 105 22 70 131 74 78 100 129 102 146 133 88 95 55 101 67 97 95 116 53 116 58 119 93 180 32 148 139 137 52 154 71 110 115 157 153 101 139 13 92 140 122 129 72 95 54 135 138 153 124 78 136 124 120 20 53 177 134 75 98 59 32 141 83 151 40 36 27 144 143 108 88 58 74 30 95 134 26 174 65 66 116 129 86 146 74 116 98 44 88 58 48 112 48 91 142 87 85 138 162 116 138 90 59 98 131 119 166 27 121 97 149 132 56 53 130 67 138 126 51 94 65 27 15 130 56 64 148 53 48 124 69 37 126 66 163 161 108 65 139 95 72 100 37 28 32 128 56 92 131 38 94 120 136 27 42 25 157 39 110 45 124 104 157 30 55 131 18 129 143 91 115 158 42 66 86 47 18 97 25 102 16 124 117 33 125 115 113 136 114 147 44 40 93 81 106 41 127 75 133 112 109 127 66 60 182 57 64 132 71 41 88 172 29 57 49 143 89 59 82 95 156 100 91 
115 48 136 112 68 72 53 31 152 104 166 123 118 136 67 62 131 128 71 63 21 56 99 76 60 114 59 42 110 92 73 144 122 69 154 86 86 66 102 44 77 104 107 89 126 17 65 111 115 49 56 50 157 127 153 144 63 126 88 56 130 48 48 59 40 33 137 64 37 76 92 94 112 86 85 93 88 70 116 152 96 133 109 77 104 53 122 83 98 55 106 84 107 45 118 127 57 23 84 85 124 47 39 60 93 139 99 86 103 135 135 61 117 115 92 102 22 61 24 38 26 85 76 120 118 95 72 85 86 104 110 79 33 89 75 108 113 91 138 92 113 120 33 108 113 130 63 61 30 117 40 97 104 74 110 35 61 73 86 71 95 63 102 34 118 53 79 61 92 35 71 41 83 53 121 92 112 111 77 106 101 47 106 32 80 87 145 45 112 42 58 51 125 72 115 67 132 70 150 112 156 96 17 91 112 81 70 115 9 109 50 153 32 110 87 101 49 133 35 93 99 54 72 53 98 45 68 80 53 37 72 74 97 63 83 121 58 142 88 141 75 119 50 57 67 89 75 113 127 68 68 137 98 51 125 63 102 97 58 48 77 102 120 59 68 60 50 54 110 122 115 60 70 59 91 125 93 64 77 56 100 79 103 108 111 39 91 49 62 126 122 56 124 17 76 85 94 53 52 33 23 77 107 80 63 48 106 81 95 125 56 70 122 64 42 89 7 33 109 101 44 117 93 104 114 104 38 33 84 71 112 81 78 98 91 86 58 151 98 123 58 118 71 38 32 86 99 99 106 57 82 50 69 73 90 30 60 38 104 124 56 120 87 95 64 81 47 47 79 48 129 105 125 87 125 104 116 69 41 55 109 110 115 38 67 70 64 62 63 109 129 70 127 62 77 65 37 108 52 128 42 102 124 46 71 63 76 117 86 105 31 39 57 93 103 43 113 73 118 28 
71 107 91 98 131 130 21 101 100 69 121 76 114 84 96 122 62 82 112 125 75 43 33 114 128 47 129 72 67 147 90 85 64 128 117 146 72 134 79 103 96 135 91 141 96 87 117 42 82 31 78 53 110 60 107 89 121 73 123 126 176 118 91 37 81 39 95 132 102 38 150 141 148 61 117 104 110 117 72 104 77 76 62 98 75 117 71 133 123 27 68 133 125 71 107 99 78 59 130 60 98 37 101 85 82 90 136 122 114 71 96 101 75 117 61 113 50 109 87 107 71 89 111 50 115 131 128 140 90 65 85 141 99 81 92 38 158 119 76 130 73 159 65 141 68 107 65 30 90 51 90 114 157 77 40 104 107 88 122 138 148 125 133 57 48 74 110 116 70 94 52 37 130 118 52 85 60 48 140 45 156 47 159 51 129 96 94 110 89 64 122 100 98 129 86 120 75 19 109 150 112 106 87 90 65 110 98 57 78 39 65 100 93 124 76 88 84 98 105 116 150 32 117 119 148 24 133 94 76 106 132 124 61 108 48 62 113 90 90 112 110 94 119 127 133 136 98 154 87 84 25 89 146 108 57 108 94 70 128 47 119 33 60 26 137 130 109 51 95 54 56 104 99 33 146 55 32 120 91 49 155 96 136 125 84 55 88 20 117 59 62 118 61 77 103 130 133 114 97 36 89 135 140 143 44 115 60 114 143 96 16 94 53 107 112 83 77 38 67 53 112 95 31 158 44 85 106 41 69 89 44 135 133 129 94 101 103 111 123 71 38 63 92 59 62 139 30 120 140 126 16 52 48 131 20 99 62 102 129 172 32 50 140 58 128 144 56 84 128 49 59 115 87 26 67 65 66 33 99 117 73 85 77 84 103 121 120 7 60 122 61 116 69 93 96 100 104 133 97 106 66 152 97 30 133 87 7 58 147 40 53 33 123 113 35 86 61 128 66 62 
100 59 122 103 81 84 37 48 136 93 152 111 111 122 67 74 114 113 76 76 27 46 83 80 76 97 77 44 98 103 69 129 105 83 141 101 79 83 90 57 75 107 97 101 114 34 73 94 105 32 56 39 143 110 138 129 77 110 91 73 138 65 52 47 42 18 123 80 53 61 103 102 116 76 91 89 87 80 104 137 85 118 94 79 95 66 109 94 98 39 95 92 105 45 109 115 57 21 94 75 113 32 51 58 84 124 103 89 99 119 121 68 105 109 82 98 11 68 38 55 31 82 83 103 112 99 83 98 80 93 101 94 48 84 72 90 121 92 123 97 102 126 29 111 98 119 58 45 41 100 46 95 114 66 93 51 67 69 90 88 105 76 105 30 100 49 84 71 83 48 61 28 94 67 104 83 96 94 91 91 115 35 119 24 88 83 132 61 101 39 72 61 113 83 103 76 117 53 136 117 141 92 34 87 99 86 74 100 26 92 47 137 43 107 80 91 53 120 53 93 111 38 81 69 107 28 84 76 53 53 87 85 86 72 68 106 70 128 85 130 78 108 67 74 83 97 73 119 116 67 51 122 109 64 108 69 93 84 76 38 86 85 104 43 85 77 61 46 101 105 99 65 74 44 104 108 77 74 77 47 111 76 106 106 99 33 84 31 72 108 107 71 109 27 79 95 99 67 57 16 38 89 110 96 49 63 93 87 103 113 40 72 105 72 60 80 24 17 94 85 61 107 77 115 97 93 55 19 73 71 95 94 91 100 85 87 64 138 99 107 43 102 72 31 31 96 82 99 109 73 65 39 56 86 72 47 51 53 105 133 40 103 97 81 78 95 41 52 90 36 112 102 112 69 110 90 102 53 54 68 96 101 104 45 73 79 77 45 53 106 112 77 110 66 75 70 52 109 60 117 37 113 113 32 84 61 59 102 101 88 21 22 73 92 87 46 99 86 104 27 
82 107 103 108 129 130 12 96 111 59 133 70 123 78 100 121 66 94 115 124 73 31 34 117 125 48 125 62 59 148 95 82 75 120 129 137 60 128 89 94 102 140 101 131 107 82 118 50 73 35 67 58 122 70 119 101 112 84 127 121 179 113 93 25 83 33 107 129 95 49 150 144 153 50 106 111 115 107 64 116 87 73 73 87 65 115 66 123 129 33 59 135 131 61 116 110 67 51 119 49 108 41 100 89 91 101 140 126 121 71 108 91 68 125 51 120 44 110 80 104 63 78 100 57 124 135 128 130 98 56 74 133 96 69 98 44 161 124 75 134 64 163 66 146 79 118 54 37 89 62 91 120 158 84 45 100 109 94 126 131 149 124 138 48 54 79 99 116 59 86 40 28 119 116 56 93 72 59 139 42 147 52 150 42 130 103 89 103 99 53 120 90 109 129 97 121 71 29 120 154 123 113 82 78 58 99 87 53 72 44 55 111 91 131 65 97 74 110 100 122 140 37 107 112 150 20 126 100 65 102 124 114 52 98 59 59 103 85 78 123 114 104 113 123 126 138 103 157 79 72 35 101 136 99 60 110 103 81 123 36 109 41 72 34 134 124 108 40 105 56 68 106 87 40 136 61 29 120 80 37 156 102 141 132 94 45 97 18 117 69 59 109 60 75 92 119 137 106 99 33 86 135 145 135 52 112 52 103 146 107 8 83 57 97 107 91 72 32 78 65 106 106 29 159 51 95 100 33 78 77 46 126 124 134 102 89 105 123 129 83 45 75 81 61 52 140 39 126 144 122 28 56 57 122 28 96 68 95 134 174 38 57 141 69 126 143 45 74 118 53 65 123 99 38 64 76 60 42 91 116 85 75 68 75 93 123 111 7 66 129 63 119 80 82 102 89 101 139 88 116 69 142 108 21 132 92 14 55 139 51 54 32 116 119 38 88 55 119 60 54 
52 77 70 43 98 92 67 94 89 129 98 138 55 145 43 88 110 64 64 94 56 91 92 62 106 103 117 103 129 103 32 145 69 140 83 157 126 130 31 115 38 77 37 160 56 80 75 83 142 37 114 20 90 86 86 84 134 67 68 113 122 107 51 88 47 67 69 109 107 28 108 92 92 118 151 43 51 140 133 86 25 137 49 137 135 89 133 154 64 36 129 86 64 104 50 56 115 80 154 117 53 32 76 34 24 75 81 68 52 129 65 129 137 55 120 51 69 66 95 92 91 136 143 94 55 75 88 156 28 126 143 148 78 133 34 84 105 61 135 76 134 103 39 83 50 59 110 31 67 77 58 53 110 15 93 87 64 30 68 138 102 93 75 87 91 28 144 78 127 106 105 74 153 90 104 24 56 68 106 105 172 24 177 80 82 34 155 115 41 97 94 121 54 89 45 78 136 44 81 94 87 44 80 140 127 145 133 118 79 89 103 90 70 62 129 31 113 62 98 56 170 32 141 121 100 58 136 34 111 89 143 144 122 132 24 122 129 151 138 70 58 48 114 112 135 87 41 99 149 124 37 72 168 122 110 63 35 27 117 88 146 75 70 35 115 119 76 95 41 109 65 60 133 29 162 102 93 82 133 95 110 37 79 63 41 89 27 56 79 85 122 127 120 62 139 155 79 123 56 57 74 97 83 149 17 94 122 147 95 54 66 131 103 132 103 22 77 65 45 43 111 47 92 111 89 33 104 69 13 129 99 152 148 71 32 143 60 82 64 63 24 62 130 32 89 95 73 59 83 109 58 20 13 143 70 87 11 108 68 119 31 92 94 32 98 110 95 112 150 23 103 53 57 52 128 40 128 30 112 86 41 143 138 105 133 78 135 61 7 60 115 70 72 126 38 130 85 73 120 57 32 172 53 71 99 34 66 118 156 67 39 47 125 53 91 50 123 144 128 87 
59 103 80 86 127 125 29 101 90 81 111 88 102 94 87 117 65 71 105 122 71 53 42 106 127 54 130 80 79 141 80 95 55 133 106 151 84 136 66 107 86 126 79 148 84 87 111 41 94 25 86 45 100 56 96 80 126 63 114 126 168 118 85 48 76 44 84 131 105 26 144 134 139 74 126 94 100 124 83 94 65 86 51 108 88 113 83 140 113 19 81 126 114 79 94 86 87 64 137 72 85 30 98 77 70 79 127 114 103 79 85 109 88 105 74 102 53 102 90 106 76 100 119 51 103 122 122 146 79 77 97 145 96 93 82 40 150 110 85 122 85 151 59 132 56 95 76 20 87 47 85 103 150 66 45 102 101 79 114 141 142 121 123 64 49 66 119 111 82 98 64 44 137 115 57 73 50 41 136 54 163 39 166 57 122 85 105 113 76 71 119 106 86 124 73 114 85 6 97 141 101 95 87 101 77 119 107 67 79 43 74 91 90 113 88 76 92 87 106 106 157 23 124 122 141 28 136 84 84 104 137 131 74 115 36 72 118 100 101 100 102 81 120 127 136 129 88 145 99 93 13 79 153 113 62 101 82 58 129 56 127 32 53 17 135 130 104 61 83 60 48 97 108 23 152 58 42 115 101 59 149 86 127 114 71 63 77 24 112 55 71 122 70 75 112 137 125 118 91 38 88 130 131 147 33 113 72 123 136 84 25 103 57 114 113 71 78 42 55 42 114 83 41 151 46 73 108 46 57 99 50 141 139 119 83 111 97 100 113 61 28 54 102 53 68 133 30 109 131 125 12 43 37 136 22 99 52 105 118 164 23 51 133 46 124 140 65 91 135 41 61 104 75 17 77 53 78 21 104 113 61 97 89 90 111 115 126 16 49 111 68 110 60 102 87 108 102 123 104 93 59 159 85 37 129 78 15 68 152 34 48 31 126 103 42 80 72 134 77 68 
102 31 122 89 55 54 65 43 139 125 150 142 92 152 39 46 137 115 44 50 6 77 109 49 56 123 65 70 129 72 46 158 115 91 135 107 110 78 82 68 50 76 85 113 107 30 42 113 136 46 83 35 142 125 138 134 86 115 60 61 106 55 21 79 11 50 121 60 58 67 74 70 85 108 113 66 59 97 135 137 76 148 98 105 127 42 139 108 70 52 127 60 78 73 94 107 85 49 110 107 104 41 27 33 71 126 72 58 75 146 117 89 137 88 114 74 43 36 49 40 54 112 104 123 93 68 52 108 61 124 133 98 27 115 48 112 89 62 151 65 133 94 13 80 100 108 89 55 16 115 15 69 83 50 116 35 35 46 59 86 74 49 74 60 121 28 107 40 115 61 93 60 109 43 128 69 103 107 64 118 123 36 129 55 56 61 162 65 92 68 47 78 105 53 96 45 147 69 133 85 139 69 29 117 130 109 98 129 33 114 76 141 19 82 112 78 78 114 46 65 124 49 99 71 75 55 85 53 81 37 94 99 117 90 71 135 83 159 115 121 47 99 62 60 84 65 47 87 148 95 64 124 123 76 133 37 78 79 65 70 104 104 114 56 65 67 32 77 88 130 109 33 98 53 114 130 105 44 105 78 80 52 75 80 93 64 67 57 41 123 135 78 136 12 104 111 68 75 26 44 22 59 79 99 51 43 124 109 71 105 67 98 128 91 51 66 31 48 95 90 59 96 104 84 118 83 53 51 64 99 120 105 101 70 65 114 32 134 70 112 49 109 99 21 59 65 101 71 78 58 84 35 55 95 94 35 40 59 76 101 50 123 66 82 52 68 72 75 105 35 133 78 109 84 139 90 133 62 66 41 93 133 136 66 95 47 88 70 44 81 138 45 119 91 49 93 34 79 79 106 19 126 104 62 57 36 83 131 106 103 23 43 74 65 111 15 129 96 134 55 
85 57 106 85 81 80 41 58 122 103 136 118 93 128 53 72 111 98 65 76 25 57 83 68 80 97 85 61 106 98 53 133 93 99 124 117 92 94 72 74 59 94 79 118 97 43 67 88 115 21 73 21 127 101 123 115 93 96 79 81 129 74 42 57 32 30 107 84 67 46 100 94 105 88 109 73 72 98 112 121 67 123 79 97 106 67 115 112 84 28 104 84 90 63 91 97 74 39 112 87 95 17 52 43 66 109 92 78 83 121 104 87 114 92 92 82 28 60 54 61 49 99 101 98 94 87 78 115 62 102 113 109 50 98 56 86 111 78 125 85 110 115 16 99 83 102 73 32 41 91 40 79 108 48 90 57 59 52 78 101 99 75 91 47 95 33 102 66 96 65 73 39 111 68 102 65 83 84 90 93 131 17 136 40 80 65 138 75 83 57 73 79 96 79 85 70 122 44 119 106 125 75 43 103 106 104 92 104 39 88 64 123 44 91 94 73 71 103 62 78 128 25 99 83 100 30 98 60 70 59 103 102 95 90 52 109 87 134 101 112 66 90 78 81 97 88 58 108 125 84 40 107 127 81 107 60 75 67 85 52 104 79 92 31 89 86 59 60 83 104 87 56 92 30 121 104 79 70 94 60 106 60 94 90 82 50 66 31 67 99 110 87 110 29 97 113 88 83 48 21 42 85 98 110 33 67 100 105 95 95 42 90 102 90 69 62 37 28 78 71 73 89 79 109 92 75 67 32 55 89 94 111 107 87 67 104 55 121 84 93 28 89 90 14 48 90 76 83 97 80 58 21 39 103 68 54 33 68 90 124 27 97 91 65 78 94 57 70 108 18 107 85 95 60 114 74 109 40 71 67 79 113 113 63 91 72 94 44 35 90 111 68 98 84 59 89 56 94 78 99 21 131 95 40 83 46 56 105 116 78 4 17 87 77 85 37 105 102 110 45 
113 57 134 113 77 81 45 38 149 95 165 114 121 126 73 71 124 126 78 72 28 47 91 83 69 105 67 36 101 101 77 135 118 71 153 89 77 72 102 45 82 111 108 89 126 25 73 104 105 45 49 51 155 121 151 141 64 122 95 64 139 55 55 50 46 24 135 73 41 73 101 103 119 77 81 98 93 69 107 149 97 124 106 71 95 62 113 82 104 51 97 92 112 38 120 127 50 14 82 76 124 44 48 65 95 136 106 93 107 126 133 58 108 118 83 106 13 69 25 47 21 77 72 113 122 103 81 86 89 95 101 82 43 81 80 101 122 97 129 100 104 128 36 115 110 131 55 57 39 112 47 102 113 76 102 44 69 77 94 76 104 72 109 25 111 57 74 69 83 36 62 32 82 63 113 94 109 106 86 98 102 47 106 23 88 91 136 49 112 34 67 49 125 81 115 76 123 65 148 120 154 100 25 83 103 76 65 106 15 102 42 150 41 115 78 102 44 132 43 99 99 50 70 57 107 38 72 84 46 46 74 73 88 61 81 112 58 133 80 141 82 119 56 65 71 97 80 121 118 60 63 135 97 52 117 71 104 96 66 39 74 95 116 55 77 67 59 45 112 114 111 67 65 56 92 118 84 73 70 47 109 84 110 113 111 30 94 42 71 120 113 59 116 26 70 83 102 55 60 26 32 86 114 83 61 57 97 77 103 125 48 64 115 61 50 91 14 24 106 97 49 118 85 113 107 105 43 24 84 64 104 82 78 105 94 79 66 150 104 120 56 114 65 40 24 95 93 105 113 65 76 50 68 74 83 39 61 41 110 133 52 113 96 93 73 91 39 42 78 48 122 110 124 81 116 102 107 66 42 65 108 101 106 34 63 79 65 55 64 114 121 79 122 57 82 61 46 114 49 128 45 101 124 38 81 68 69 109 89 99 31 34 61 99 96 50 104 73 109 20 
100 107 121 123 129 131 15 90 129 48 151 63 137 75 108 122 76 111 120 124 74 14 42 124 122 56 118 48 51 150 105 82 93 107 146 124 44 119 105 83 111 148 116 117 124 78 120 65 61 46 50 68 140 86 137 118 99 102 134 115 184 107 97 8 87 28 125 126 86 65 151 148 160 35 89 123 125 92 57 134 102 71 91 69 52 114 61 108 138 47 49 139 142 46 131 126 50 42 104 34 125 51 99 97 105 119 147 133 133 74 125 75 59 138 38 132 39 114 71 100 52 60 83 70 138 142 130 116 110 46 60 120 95 52 108 58 166 132 77 140 55 170 71 153 97 134 36 52 89 78 93 131 161 95 56 97 113 104 133 121 152 123 146 36 68 87 82 118 44 75 23 19 104 115 66 107 90 76 138 46 132 62 135 32 134 115 84 93 115 39 119 77 126 131 113 123 70 46 138 161 141 125 78 61 52 82 70 54 67 57 38 129 91 142 47 112 59 127 94 131 124 50 91 102 154 25 115 111 49 99 111 99 40 83 75 59 90 81 61 140 121 121 105 117 115 143 112 163 70 55 51 119 120 86 68 114 117 97 117 21 93 57 89 48 130 118 109 23 120 64 85 110 71 54 122 73 33 122 62 20 158 112 148 142 111 32 110 26 119 85 61 98 64 75 75 104 143 94 103 34 84 136 153 123 65 109 46 86 150 124 16 66 68 81 101 105 67 29 96 83 98 122 35 162 64 111 92 28 92 60 55 112 110 142 114 71 109 140 138 101 58 93 63 68 40 143 55 136 152 117 46 67 71 109 44 91 79 85 144 179 51 71 144 86 125 143 29 59 103 63 77 135 116 56 64 94 55 58 80 116 102 60 58 62 77 126 98 24 78 141 71 123 98 66 112 73 98 148 73 132 76 126 125 15 132 100 32 56 126 68 59 39 106 129 48 92 52 105 56 43 
100 124 119 130 147 149 29 108 125 37 149 47 146 57 122 139 61 110 136 141 92 29 27 139 140 39 137 64 36 167 118 64 88 123 147 140 44 137 110 100 124 162 123 131 127 96 137 54 50 57 63 81 137 77 134 114 116 99 149 134 200 125 113 23 103 46 125 144 104 70 169 164 174 32 100 134 138 106 42 131 109 53 91 79 44 132 44 122 151 56 37 155 154 61 138 130 63 61 117 30 129 63 117 111 113 116 162 148 144 56 126 89 45 148 30 143 57 130 89 118 70 65 95 57 147 157 147 131 120 34 53 137 113 53 121 47 182 146 58 155 42 185 87 168 97 139 46 60 106 71 110 143 178 106 42 115 129 117 148 139 169 141 160 53 56 101 93 135 40 93 27 38 117 133 50 116 88 70 156 28 147 74 149 50 151 126 67 110 120 55 137 92 130 148 117 140 52 50 137 176 140 136 96 64 36 93 82 35 85 44 53 125 109 154 49 120 73 129 112 144 138 60 105 120 170 40 132 123 62 117 127 114 30 98 80 41 106 64 65 143 136 125 123 136 132 159 125 179 56 65 57 117 133 103 52 130 125 102 135 37 106 48 84 56 148 136 126 36 127 47 81 127 82 63 136 58 17 139 70 34 175 125 163 154 115 49 119 39 136 76 43 115 46 92 85 117 158 111 119 50 102 154 167 140 75 127 30 97 166 127 28 77 53 96 119 114 85 47 97 83 116 127 19 179 52 117 111 46 100 70 40 127 126 156 125 78 126 140 151 99 68 90 74 83 58 160 47 148 166 136 44 79 79 125 38 110 91 103 157 195 61 59 161 89 143 160 45 74 117 76 64 146 117 55 45 96 38 64 97 133 104 54 46 79 90 142 114 30 89 152 54 139 93 79 124 86 117 161 89 137 90 140 129 33 150 114 30 38 142 62 74 53 123 142 34 108 34 121 39 61 
4
10 20
50 60
150 250
100 200