780
12
196 477
230 488
274 634
63 287
98 408
271 528
123 342
69 303
162 468
158 360
300 647
110 432
197 477
222 553
254 586
191 465
118 299
113 463
273 489
93 292
99 434
65 386
134 365
291 603
284 514
142 325
117 408
282 576
261 521
267 607
111 352
98 288
268 620
189 423
277 573
81 437
128 392
238 436
141 478
111 468
203 513
159 360
195 420
181 375
283 636
176 500
222 531
245 470
219 528
87 324
123 450
150 362
135 338
180 373
133 476
248 561
87 374
118 450
118 368
160 348
134 490
125 472
239 501
135 326
88 387
73 355
228 485
291 518
194 444
278 464
283 585
197 407
154 415
188 447
208 405
99 359
206 409
258 592
259 531
191 398
251 491
293 644
181 527
246 453
84 356
95 305
99 375
300 543
62 326
196 423
250 483
132 364
207 508
275 620
142 433
204 476
294 625
84 429
237 558
157 412
143 467
118 470
109 394
164 404
252 531
294 624
226 424
145 485
80 428
131 481
156 499
110 443
150 422
158 423
90 433
267 623
62 270
138 337
134 383
116 387
267 530
89 391
81 339
101 350
290 587
204 547
158 390
281 486
273 601
101 353
254 532
151 437
275 592
257 469
64 363
109 441
205 518
103 347
196 435
212 501
130 438
285 536
72 321
221 507
76 329
235 517
259 500
63 334
220 483
67 375
219 559
109 386
188 544
224 525
180 466
202 506
210 551
104 367
140 360
195 454
106 335
189 371
192 422
120 412
152 478
295 484
138 469
115 397
256 485
230 523
284 622
121 423
137 341
183 430
199 389
113 458
235 488
238 577
259 481
109 418
77 276
154 465
250 431
65 356
180 437
198 424
258 494
206 431
160 462
138 472
115 331
102 302
166 449
99 381
250 582
283 517
134 442
152 415
67 250
146 485
110 386
272 610
225 530
187 456
243 458
161 361
176 493
182 542
266 479
168 368
266 503
184 532
92 335
290 628
138 442
278 618
226 501
132 458
97 322
258 539
259 574
62 242
91 451
282 534
69 291
266 502
96 279
216 403
212 546
168 411
78 345
149 497
286 466
119 340
201 437
280 576
171 407
238 532
129 408
61 318
201 498
300 656
135 435
159 508
69 270
72 356
156 485
162 439
287 479
280 490
135 391
218 493
296 544
72 349
137 345
299 567
194 464
124 343
185 524
125 476
282 607
239 521
293 627
291 535
136 339
183 464
183 519
148 452
297 514
198 378
298 484
297 542
75 356
76 348
176 463
208 394
261 535
108 333
164 429
134 343
99 410
255 539
176 514
209 425
293 649
202 424
130 401
68 265
148 490
134 357
282 616
178 404
260 469
286 585
68 301
61 268
274 459
199 417
108 376
68 265
173 470
226 545
196 411
184 477
253 589
87 282
77 372
267 453
105 408
254 547
178 465
263 588
288 611
200 420
213 519
119 392
213 407
123 334
91 342
164 475
61 272
259 517
279 575
290 489
196 403
119 349
271 601
73 395
198 519
275 551
140 357
115 435
83 352
251 587
120 392
72 432
132 393
79 369
208 388
299 513
126 371
181 402
228 574
230 490
292 493
64 402
287 564
299 526
173 513
116 338
294 644
180 495
271 576
124 317
172 493
264 484
100 328
145 367
119 435
129 457
254 613
113 385
274 464
266 575
209 530
158 439
228 560
71 277
257 514
181 460
295 620
248 509
193 513
128 472
246 540
201 393
233 466
192 385
115 338
88 417
175 396
266 594
281 569
75 389
256 611
98 439
292 601
121 451
234 594
257 558
179 381
285 499
116 431
297 624
109 386
277 619
90 450
173 409
162 346
257 520
247 605
76 319
82 354
131 442
214 444
264 612
183 512
131 365
285 495
179 483
184 393
143 452
270 617
91 450
120 399
248 573
225 497
195 394
268 454
234 417
226 487
183 478
68 347
81 288
289 500
228 489
147 357
269 507
264 490
232 414
111 422
125 349
110 429
67 396
171 468
71 319
227 502
220 439
253 466
151 502
115 393
136 362
163 448
208 472
122 344
176 450
274 537
179 394
108 318
194 531
188 420
252 453
270 540
116 423
131 406
230 545
259 609
262 566
155 418
246 466
264 562
66 326
287 537
72 390
223 419
201 412
238 529
160 424
81 388
244 441
245 491
271 627
265 606
155 372
201 491
244 591
272 473
206 388
124 472
112 304
111 450
64 375
173 449
169 413
196 381
91 294
114 424
297 551
166 408
69 255
226 479
256 446
145 353
218 476
180 438
93 437
295 540
93 340
102 442
120 473
95 361
187 474
208 477
145 325
103 457
259 470
132 417
240 451
169 461
142 335
284 613
255 491
288 481
254 557
79 402
254 568
99 375
145 470
155 493
67 403
203 430
163 431
78 347
167 496
160 507
247 442
181 493
187 545
239 508
74 263
71 369
114 455
137 370
114 425
222 562
179 403
214 574
180 399
121 431
168 473
289 531
261 477
252 508
201 423
156 412
180 454
251 502
62 267
130 450
299 484
232 590
127 414
153 407
160 407
104 383
162 480
276 583
190 516
299 614
279 578
110 399
294 568
298 518
218 532
167 388
226 547
208 554
245 500
75 381
117 403
148 392
234 592
211 426
115 384
157 501
66 248
117 350
159 447
215 459
266 575
238 531
172 491
65 395
177 520
202 388
272 598
274 499
176 376
145 448
63 347
235 484
204 523
205 486
120 389
174 361
170 392
129 417
220 515
142 468
169 459
272 526
144 392
171 459
207 481
120 351
175 356
77 274
205 473
220 534
152 408
286 595
269 471
215 471
258 469
83 306
77 276
179 456
152 453
298 603
98 279
172 485
61 359
189 383
118 407
66 305
155 426
144 474
250 549
169 509
140 423
90 366
241 586
263 564
133 463
189 473
259 547
197 538
185 404
225 483
224 437
286 561
188 530
216 520
228 480
137 400
129 349
205 430
229 531
170 453
242 459
155 502
114 349
158 373
202 464
196 467
232 498
148 485
160 424
289 520
281 490
148 447
226 532
64 301
283 639
176 360
263 592
247 565
113 470
224 574
294 596
125 393
177 437
296 618
81 389
268 463
300 625
256 483
63 327
144 385
99 400
173 432
290 484
201 527
300 659
282 508
214 530
77 310
274 568
147 439
300 568
233 562
198 386
203 433
228 441
225 544
172 439
143 353
93 431
297 599
133 487
257 555
119 462
294 503
145 482
218 536
184 493
299 612
233 453
113 444
274 575
226 423
185 494
163 416
189 393
253 508
108 399
180 488
218 523
195 547
166 522
78 338
216 502
123 362
182 515
220 485
79 369
145 408
158 452
219 541
299 647
229 481
146 408
113 431
81 288
106 373
85 270
128 416
126 324
63 253
256 556
178 534
96 448
295 555
239 438
240 424
217 499
242 537
127 460
149 474
270 613
282 611
113 325
274 594
78 264
94 317
202 420
262 542
94 453
193 485
90 303
198 431
97 278
176 361
269 624
212 477
226 461
191 476
79 393
69 353
155 395
247 509
79 419
163 345
144 392
297 554
128 437
237 562
279 606
145 466
254 511
0 1000
0 1000
0 1000
0 1000
0 1000
0 1000
0 1000
0 1000
0 1000
0 1000
0 1000
0 1000
5 5 5 5 5 5 5 5 5 5 5 5
780 780 780 780 780 780 780 780 780 780 780 780
32 115 71 100 82 52 59 102 85 113 100 100 
108 48 107 59 107 77 103 31 57 57 107 124 
53 136 91 122 103 70 80 122 106 134 121 119 
61 112 98 103 108 43 86 89 85 113 123 130 
131 68 131 81 129 98 127 55 81 77 129 147 
126 72 130 84 130 92 125 54 80 81 131 149 
56 53 21 37 12 67 29 65 41 45 15 29 
115 31 101 48 96 94 101 43 58 38 90 108 
66 152 100 136 111 89 90 139 122 149 129 125 
108 104 69 93 59 129 81 125 103 95 48 37 
84 166 121 152 133 98 111 150 136 165 151 149 
112 123 76 111 70 138 88 142 118 114 63 47 
79 118 114 111 123 55 102 92 93 121 137 146 
116 136 84 122 78 145 94 152 128 126 75 57 
80 67 96 67 100 43 87 39 53 73 108 122 
120 62 122 74 121 88 117 46 72 71 122 139 
74 131 62 114 66 110 65 137 111 124 76 61 
44 128 82 113 94 64 71 115 98 126 111 110 
100 71 112 76 115 64 105 44 65 78 120 136 
126 63 125 76 124 94 122 50 76 72 124 141 
80 21 75 27 73 56 71 6 25 28 74 92 
81 56 43 46 31 91 53 77 57 47 14 29 
62 99 33 83 34 92 42 109 83 91 42 27 
99 76 114 80 117 62 106 49 68 83 124 139 
135 60 128 76 125 106 127 56 80 69 122 140 
70 114 47 97 48 103 54 123 97 105 56 39 
142 59 129 77 125 117 130 65 85 67 118 137 
105 42 72 44 62 103 80 70 61 36 48 64 
105 110 67 98 59 129 79 129 106 101 51 36 
139 92 147 103 148 103 141 72 98 101 150 167 
69 73 90 69 95 32 80 46 53 77 105 118 
114 144 85 129 82 145 95 158 133 135 82 64 
36 122 64 105 75 69 55 115 93 118 93 88 
154 69 128 83 120 140 133 91 99 71 107 123 
78 154 117 141 129 83 106 135 124 153 146 147 
171 86 146 101 137 157 151 107 117 89 124 140 
112 86 72 79 60 126 84 110 92 77 44 44 
151 66 134 83 128 130 136 78 94 72 119 137 
41 102 79 90 89 31 66 82 72 102 105 110 
128 44 103 57 94 115 107 68 74 45 83 100 
75 77 96 75 102 38 86 50 59 82 111 124 
114 104 135 107 140 77 126 76 94 111 148 162 
54 107 91 97 101 37 79 85 79 108 116 123 
170 89 141 101 131 160 148 113 118 89 117 131 
56 126 96 114 107 56 84 107 97 126 124 127 
100 17 87 34 82 80 87 30 43 25 78 96 
110 65 117 73 118 75 111 42 67 73 120 137 
46 111 42 94 50 83 41 113 88 104 65 54 
121 115 82 105 73 142 94 136 115 105 61 50 
37 49 31 32 35 37 25 46 21 45 46 57 
113 56 78 56 67 114 86 83 73 49 50 63 
44 50 53 39 58 20 45 35 21 51 68 81 
74 157 110 143 122 90 100 142 127 155 140 137 
49 127 60 110 70 86 56 125 101 121 86 77 
70 153 107 138 119 86 96 138 123 151 137 134 
58 144 89 129 101 84 80 134 115 141 118 114 
147 63 121 77 112 134 126 86 93 64 99 116 
39 126 73 110 84 67 63 115 96 122 102 99 
105 88 123 91 127 68 114 60 79 95 134 149 
138 56 126 73 121 113 126 61 81 64 115 134 
160 130 176 138 179 122 168 106 129 139 184 200 
131 48 118 65 113 107 118 55 74 55 107 125 
84 48 91 52 93 51 85 21 42 55 97 113 
76 59 37 47 25 88 48 79 57 50 8 23 
78 40 81 42 83 47 76 11 32 46 87 103 
67 33 39 18 33 67 44 50 30 24 28 46 
56 137 95 123 107 69 84 121 107 135 125 125 
138 64 132 80 129 109 131 60 84 73 126 144 
123 37 102 53 95 107 105 58 67 41 86 104 
10 76 38 61 49 28 26 67 46 73 65 70 
144 92 150 103 150 108 144 74 100 101 151 169 
129 94 141 102 144 92 134 70 94 103 148 164 
129 112 148 116 153 92 139 85 105 119 160 174 
102 86 61 76 50 118 74 108 88 77 35 32 
152 85 117 91 106 151 126 113 109 81 89 100 
77 93 104 89 111 43 94 66 73 98 123 134 
87 88 110 87 115 51 100 59 72 93 125 138 
148 70 117 80 107 140 124 97 98 69 92 106 
108 116 72 104 64 133 83 135 112 107 57 42 
68 152 104 137 116 86 94 137 121 149 134 131 
41 96 77 85 87 25 65 76 67 97 102 109 
107 133 76 118 73 137 86 148 123 124 71 53 
24 109 62 94 73 49 51 98 79 106 91 91 
135 77 98 79 87 137 108 105 97 71 69 79 
115 104 75 95 65 135 88 127 106 95 52 44 
119 53 117 66 115 89 113 42 67 62 114 132 
105 122 71 109 66 133 83 139 115 113 61 44 
163 83 133 94 123 154 140 108 112 82 108 122 
100 98 123 98 129 64 113 70 84 104 138 151 
31 55 27 39 33 36 19 52 28 51 47 56 
107 106 68 95 59 129 81 127 104 97 49 37 
122 84 133 92 135 86 126 60 84 92 139 155 
98 107 125 105 131 64 114 78 90 112 142 154 
105 45 71 45 61 104 79 73 63 38 46 61 
70 118 107 109 116 50 94 94 91 120 131 138 
58 127 99 115 110 56 86 107 97 127 126 130 
113 57 78 57 67 115 87 85 74 50 50 63 
86 23 59 21 51 80 64 49 39 14 42 61 
161 84 130 94 119 154 137 110 112 82 104 117 
100 85 60 75 49 117 72 107 87 76 34 30 
58 124 98 113 108 53 85 104 95 124 125 129 
39 47 37 32 41 32 30 41 17 44 51 63 
105 39 101 51 100 76 98 27 52 48 99 117 
70 60 85 58 89 34 77 33 43 65 97 111 
48 93 82 84 91 24 70 71 66 95 105 113 
54 139 90 124 101 75 79 126 109 136 119 116 
118 99 136 103 140 81 127 72 92 106 147 162 
105 86 122 89 126 68 114 58 78 93 133 148 
86 103 114 99 121 52 103 75 83 107 133 144 
95 135 71 119 71 129 79 146 121 126 74 56 
57 135 96 121 108 65 85 117 104 133 125 126 
133 61 101 68 91 129 109 89 87 58 75 89 
113 117 75 105 68 137 88 137 114 108 59 45 
83 115 117 109 125 55 105 88 92 118 138 148 
101 92 61 82 51 120 74 114 92 83 38 30 
85 102 113 98 120 51 102 74 82 106 132 143 
74 22 50 11 44 69 53 43 28 13 39 57 
101 61 109 68 110 66 102 36 60 69 114 130 
108 24 87 38 80 95 90 49 54 25 71 89 
117 38 107 55 104 92 106 40 61 47 100 118 
98 26 71 31 63 91 76 54 49 21 52 70 
128 85 89 82 78 136 100 112 99 77 60 65 
145 76 111 83 100 143 119 104 101 72 83 95 
57 120 50 103 57 94 51 123 98 113 70 57 
80 118 115 112 124 55 103 93 94 122 138 147 
112 95 131 99 135 75 122 68 87 103 142 157 
122 72 128 83 128 88 122 52 78 81 130 147 
168 85 140 98 130 156 146 108 115 86 116 131 
62 86 90 80 98 28 79 61 62 89 110 120 
104 104 65 93 56 126 77 124 102 95 46 34 
125 110 85 101 74 143 97 133 113 101 60 53 
165 79 141 94 133 148 145 98 109 82 120 137 
105 33 99 48 96 78 96 27 50 43 95 113 
121 89 81 84 69 133 93 115 98 81 52 53 
71 75 92 72 98 34 82 48 56 80 108 121 
49 108 38 90 44 84 40 112 86 101 58 47 
142 113 158 121 161 105 150 89 111 122 166 182 
98 91 119 92 124 61 110 62 78 97 132 146 
102 138 76 123 75 135 85 151 125 129 77 58 
113 92 130 97 134 76 122 65 85 100 140 155 
110 113 73 102 64 134 85 133 110 104 55 42 
140 120 159 126 163 103 151 94 115 128 170 185 
64 33 65 29 66 39 59 13 16 36 71 87 
120 108 141 111 146 83 132 80 99 115 153 168 
29 113 68 98 79 50 56 100 83 110 97 97 
67 130 107 119 118 59 95 108 102 131 134 139 
103 63 65 58 54 110 76 89 73 55 36 46 
25 61 30 45 37 31 20 55 32 57 52 60 
94 30 90 41 89 67 87 16 41 39 89 106 
40 117 51 100 62 77 47 115 91 112 78 71 
89 40 90 46 91 58 85 15 40 47 93 110 
88 97 114 95 120 53 103 69 79 102 131 143 
147 104 157 114 158 110 150 83 108 113 161 178 
52 74 77 66 84 15 66 50 48 76 95 106 
59 110 40 93 45 93 45 116 90 102 56 42 
113 35 104 51 100 87 102 35 57 44 97 115 
99 61 107 67 109 64 101 35 59 69 113 129 
67 73 88 69 94 30 79 46 52 77 104 117 
105 86 122 90 126 68 114 59 78 94 133 148 
158 71 138 88 131 138 141 86 101 76 121 139 
138 95 148 105 149 102 142 74 99 104 152 169 
125 63 125 76 124 93 121 49 75 72 123 141 
112 102 133 105 138 75 123 74 91 109 146 160 
88 34 57 30 48 87 64 60 47 25 36 53 
54 118 48 100 54 91 49 121 95 111 68 56 
62 53 74 49 79 28 66 28 33 57 87 101 
145 79 110 84 99 144 119 107 102 74 82 93 
112 61 116 71 116 78 111 40 66 69 118 135 
110 92 70 83 59 127 82 115 96 83 44 40 
118 35 94 48 86 106 98 61 65 36 75 93 
92 71 52 61 40 105 64 93 73 62 23 27 
70 41 37 28 28 74 44 60 39 32 19 38 
161 83 130 94 119 153 137 109 111 82 104 117 
120 53 118 67 116 90 115 43 68 63 115 133 
69 121 52 104 56 104 57 128 102 113 66 50 
52 92 85 83 93 24 73 69 65 94 107 116 
26 112 60 96 72 56 50 103 83 109 90 88 
31 111 48 94 59 68 41 107 84 106 76 70 
139 77 140 91 139 106 136 64 90 86 138 156 
75 106 45 91 42 105 54 118 93 98 46 28 
184 101 156 115 147 172 163 123 131 102 132 147 
42 47 47 35 52 24 39 36 17 47 62 74 
188 106 159 119 150 177 166 129 136 106 135 149 
81 32 51 24 42 80 57 55 40 23 32 50 
118 80 129 88 130 82 122 56 80 88 134 151 
69 87 96 83 103 34 85 61 65 91 115 126 
126 145 94 132 89 155 105 162 138 136 84 67 
131 45 110 61 103 115 113 65 75 49 93 110 
50 112 89 101 99 41 76 92 83 112 115 120 
97 42 64 39 53 97 71 68 57 34 39 55 
125 58 122 72 120 94 119 47 73 67 119 137 
129 51 100 61 90 121 106 78 79 49 77 92 
58 125 98 113 109 54 86 105 96 125 126 130 
124 72 129 83 129 89 124 53 79 81 131 148 
46 115 86 103 97 45 73 96 85 115 113 117 
113 67 120 76 121 78 114 45 70 76 123 140 
105 132 75 117 71 136 85 147 122 123 70 52 
22 70 19 53 29 44 6 69 44 65 46 50 
70 150 109 136 120 81 97 133 119 148 138 137 
131 112 150 117 154 94 141 85 106 120 161 176 
74 156 112 141 123 87 101 139 125 154 141 140 
78 96 106 92 113 44 95 69 75 100 125 136 
100 17 87 34 82 80 87 29 43 25 78 96 
129 91 90 87 78 140 101 117 103 83 61 64 
102 112 65 99 58 127 77 130 106 103 52 36 
146 81 110 86 99 145 119 109 104 76 82 93 
133 70 98 74 87 133 107 98 92 65 70 82 
88 115 57 100 53 118 67 129 104 106 54 35 
95 9 78 26 72 79 79 33 39 15 67 85 
55 109 39 92 44 89 43 114 88 102 57 44 
101 50 65 47 55 103 74 76 64 42 38 53 
67 153 100 137 111 90 91 141 123 150 129 125 
97 32 93 43 91 70 90 19 44 41 91 109 
95 110 124 107 131 62 113 82 91 115 142 154 
116 87 76 80 65 129 88 112 94 78 47 49 
53 101 88 91 97 31 76 78 73 102 112 120 
116 49 84 53 74 113 92 78 71 44 59 73 
58 133 98 120 110 62 87 114 103 132 127 129 
119 35 105 53 100 98 106 46 62 43 94 112 
93 93 116 93 122 56 106 65 78 99 131 144 
180 99 150 111 140 170 157 124 128 99 124 138 
32 54 32 38 37 32 23 49 25 50 50 60 
148 72 117 81 107 141 124 99 99 70 91 105 
139 53 119 69 112 121 122 71 83 57 102 120 
137 98 148 107 150 100 141 75 100 107 154 170 
52 45 24 28 20 58 28 55 30 38 25 40 
154 68 133 84 126 136 136 85 98 72 115 132 
71 80 94 76 100 34 84 53 60 84 111 123 
110 53 76 53 65 111 84 81 70 46 49 62 
115 37 106 53 102 89 104 37 59 46 99 117 
157 72 132 87 124 143 137 94 103 74 111 127 
153 74 124 85 114 144 131 99 102 73 99 114 
101 97 61 86 52 122 74 117 95 88 40 30 
139 63 108 72 98 132 115 90 90 61 83 98 
13 83 48 68 59 24 36 71 52 81 75 80 
92 121 62 106 59 122 72 135 109 112 59 41 
140 58 113 70 103 129 118 83 87 58 90 106 
122 142 90 128 85 151 100 159 134 133 81 64 
129 88 90 85 78 138 101 115 101 80 61 65 
72 141 112 130 123 70 100 121 112 141 140 143 
95 75 110 78 114 58 102 47 66 82 121 136 
54 119 94 108 104 48 81 99 90 119 121 125 
135 50 119 67 113 114 120 62 78 56 105 123 
138 57 127 74 123 112 127 60 81 65 117 136 
153 67 133 83 126 135 136 84 97 71 115 132 
124 89 136 97 138 87 129 65 88 97 143 159 
78 75 98 73 103 41 88 47 58 80 112 125 
136 113 154 119 157 99 145 87 108 121 163 179 
124 127 87 116 79 149 99 148 125 118 70 56 
120 68 84 67 72 124 93 95 84 60 55 65 
20 68 25 51 35 37 13 64 40 63 51 57 
53 137 89 122 101 72 79 124 107 135 119 117 
177 98 146 109 136 168 153 123 127 97 120 133 
134 51 108 64 99 122 113 76 81 52 86 103 
75 125 57 108 60 110 62 133 107 117 68 52 
98 63 108 69 110 63 101 37 60 71 114 130 
59 102 94 93 103 35 82 78 75 104 117 125 
32 97 70 84 81 27 58 79 67 96 97 102 
141 58 128 76 123 117 129 65 85 66 117 135 
83 48 47 38 36 88 56 70 52 39 21 37 
151 77 119 86 109 146 127 104 104 74 93 106 
40 102 33 85 41 75 32 104 79 95 57 48 
36 120 60 104 72 70 53 114 92 116 89 84 
27 59 26 43 34 35 17 56 31 55 48 56 
144 68 137 85 134 115 135 65 89 77 130 148 
143 60 130 77 124 119 130 67 86 67 118 136 
108 50 109 61 108 76 104 32 59 59 109 126 
88 54 51 46 40 95 61 77 60 45 23 36 
58 110 95 101 105 41 83 88 83 112 120 127 
74 122 54 105 56 109 60 130 104 114 64 47 
30 115 56 99 68 65 48 109 87 111 85 81 
95 60 104 65 106 60 97 33 56 67 110 127 
134 70 99 74 87 133 108 98 92 65 71 82 
26 59 33 44 40 29 23 53 30 56 54 63 
174 91 146 104 136 162 152 114 121 92 122 136 
65 125 55 108 61 102 58 130 104 118 73 58 
66 93 32 77 29 93 42 105 79 84 33 17 
116 64 120 74 120 82 115 44 70 73 122 139 
129 77 91 77 80 133 101 105 94 70 62 70 
86 56 49 47 37 95 59 78 60 47 20 34 
146 100 155 111 156 110 149 80 106 109 158 175 
74 79 96 76 102 37 86 52 60 84 112 125 
116 103 136 106 141 79 127 75 94 110 148 163 
98 108 125 106 132 63 114 80 90 113 142 154 
44 111 84 99 94 41 71 93 82 111 111 115 
88 39 55 33 45 89 63 64 50 30 32 49 
58 91 88 84 97 27 77 67 66 94 110 119 
48 49 20 31 18 56 24 57 31 42 26 39 
112 62 117 72 117 79 112 41 67 71 119 136 
48 126 59 108 69 85 55 123 99 120 85 76 
91 122 62 107 59 122 71 135 110 113 61 43 
142 56 118 71 109 127 122 78 87 59 98 115 
87 124 61 109 60 120 70 136 110 116 64 46 
85 17 77 27 75 62 75 12 29 26 75 92 
138 76 103 79 92 139 112 104 97 70 75 85 
162 85 130 95 119 155 137 111 113 83 104 117 
116 94 133 99 137 79 125 68 88 102 143 158 
138 53 114 67 106 123 118 75 83 55 94 111 
90 52 97 57 99 56 91 26 48 60 103 119 
59 33 36 16 33 57 38 44 21 26 34 50 
98 23 89 38 86 74 88 22 42 32 84 102 
131 77 135 89 135 97 130 59 85 86 136 154 
119 107 140 110 145 83 131 79 98 114 153 167 
166 80 143 96 135 149 147 99 110 83 123 140 
27 63 44 49 52 17 33 51 33 61 65 75 
121 48 115 63 112 94 113 43 67 57 109 127 
97 106 60 93 52 122 72 124 100 97 46 30 
149 81 114 87 103 147 123 109 105 77 86 97 
132 95 143 103 146 95 136 71 95 103 150 166 
56 125 96 113 107 54 84 105 95 125 124 127 
53 56 16 40 8 66 25 67 42 48 16 28 
130 70 94 72 83 131 103 98 90 64 66 77 
67 122 53 105 57 103 57 128 102 115 68 53 
138 64 107 72 97 132 114 91 90 61 81 96 
126 42 112 60 107 103 113 51 69 50 101 119 
51 89 83 80 91 22 71 66 62 91 105 114 
94 7 77 24 72 77 78 31 37 14 67 85 
65 33 38 17 32 65 42 48 28 24 29 47 
27 109 67 94 78 45 55 95 78 106 96 97 
15 101 53 85 65 43 42 90 71 97 83 83 
130 44 112 61 106 111 114 59 73 49 98 116 
56 117 95 107 106 47 83 96 89 118 122 127 
64 93 31 77 29 92 41 104 79 85 35 19 
148 104 158 115 159 111 151 84 109 113 162 179 
53 114 44 97 51 89 46 118 92 107 64 52 
48 104 85 93 95 33 73 83 75 105 111 117 
124 38 106 55 100 104 108 53 67 43 92 111 
69 33 41 19 33 69 46 51 32 24 28 46 
37 84 69 73 78 13 57 64 55 84 92 100 
126 71 89 71 77 129 99 99 89 64 60 70 
66 112 44 95 46 99 50 120 94 104 55 40 
163 81 135 94 126 152 141 105 111 82 112 127 
161 78 133 91 124 148 139 101 107 78 110 126 
108 98 129 100 134 71 119 70 87 105 142 156 
65 91 94 85 102 32 83 65 67 94 114 125 
139 86 101 87 89 143 111 114 104 79 71 78 
95 58 103 64 105 60 97 32 55 66 109 126 
72 151 111 138 123 82 100 134 121 150 140 140 
100 98 123 99 129 64 113 70 84 104 138 151 
37 123 71 107 83 63 61 112 93 120 101 99 
28 58 38 43 45 24 28 49 28 56 58 68 
32 118 63 102 75 62 54 109 89 114 93 90 
128 71 92 72 81 130 102 99 90 65 63 74 
56 38 59 31 61 32 53 21 14 40 68 83 
92 32 62 31 52 89 68 59 48 24 40 58 
131 86 139 96 140 95 133 65 90 95 143 160 
38 99 30 82 39 73 30 101 76 93 55 47 
94 99 120 99 126 59 109 71 83 105 136 148 
120 106 140 109 144 83 131 78 97 113 152 166 
136 57 126 73 122 109 125 58 80 65 117 136 
27 82 16 65 28 58 12 84 58 76 46 44 
42 50 52 39 56 20 43 35 21 50 67 79 
25 69 48 56 57 13 37 55 39 68 71 79 
157 73 131 86 122 143 136 95 103 74 109 125 
39 90 20 72 28 70 22 94 68 83 44 38 
110 30 99 47 96 87 99 35 54 39 91 110 
45 60 62 51 68 11 52 40 33 61 79 91 
124 38 102 53 95 108 105 59 68 41 85 103 
104 104 129 105 134 68 118 76 90 110 144 157 
157 124 172 133 174 119 164 101 124 133 179 195 
30 56 32 40 38 31 23 50 27 52 51 61 
55 120 50 103 57 92 51 123 97 113 71 59 
131 87 140 97 141 94 133 66 91 96 144 161 
18 95 58 81 69 32 46 82 65 93 86 89 
129 64 128 78 126 98 124 52 78 73 125 143 
143 81 144 95 143 110 140 68 94 91 143 160 
91 47 56 41 45 95 65 72 57 39 29 45 
115 47 84 52 74 112 91 75 70 42 59 74 
158 79 128 90 118 150 135 105 108 78 103 117 
42 48 49 36 53 23 41 35 18 48 63 76 
66 129 59 112 65 103 61 133 107 122 77 64 
86 105 115 102 123 53 104 78 85 110 135 146 
47 125 87 112 99 57 75 109 95 124 116 117 
18 87 26 69 38 52 17 84 60 81 56 55 
97 125 67 110 64 128 77 139 114 116 64 45 
25 104 65 90 76 40 53 90 74 102 94 96 
102 116 66 102 60 128 78 133 109 107 55 38 
16 69 33 53 42 30 21 62 40 66 58 64 
124 41 99 54 91 112 104 66 71 42 80 97 
117 55 117 68 116 86 113 41 67 65 116 133 
33 109 73 96 85 41 61 93 79 108 102 104 
125 110 85 101 75 143 97 133 113 101 60 54 
115 115 77 104 68 138 89 136 113 106 58 46 
113 38 84 45 75 105 90 66 63 34 62 79 
136 67 103 73 93 133 111 95 91 63 77 90 
114 70 121 79 123 78 115 47 72 79 126 142 
147 64 120 77 111 135 126 88 94 65 98 114 
44 62 7 45 7 61 16 70 44 55 24 30 
40 63 60 53 66 7 49 44 35 64 78 89 
93 109 122 106 129 60 111 81 90 114 141 152 
81 129 61 112 63 115 68 138 111 121 71 54 
106 70 116 77 119 70 110 45 68 79 123 139 
41 127 69 110 80 72 60 119 98 122 98 93 
127 62 93 66 82 126 102 91 84 57 66 79 
75 77 96 75 102 38 87 49 59 82 112 124 
133 65 100 70 89 130 108 93 89 61 73 86 
112 37 104 52 101 85 102 34 56 46 98 117 
109 108 133 109 139 73 123 79 94 114 148 161 
127 52 97 60 88 120 104 79 78 49 73 89 
66 128 106 117 116 57 93 106 99 128 132 137 
60 42 66 37 69 32 59 19 21 45 76 90 
182 102 152 113 142 172 159 126 131 101 126 140 
57 124 97 113 108 53 85 104 95 124 125 129 
64 46 30 32 21 71 37 62 40 38 15 33 
132 71 133 84 132 99 129 57 83 81 132 150 
71 63 87 61 92 34 78 36 46 68 100 114 
41 76 7 59 14 66 15 83 56 69 32 30 
88 117 58 102 55 118 68 131 105 109 56 38 
172 86 147 101 139 156 152 106 116 89 126 142 
29 105 40 88 51 67 34 103 78 99 68 62 
57 31 53 21 54 39 48 23 4 31 59 74 
49 39 33 22 32 47 31 43 17 34 39 53 
143 57 123 73 116 125 126 74 87 61 106 123 
89 93 113 92 119 53 103 65 77 99 129 142 
59 103 35 87 38 91 42 111 85 96 48 34 
82 43 86 46 88 50 80 15 37 50 92 108 
95 113 61 99 55 123 72 129 105 104 52 34 
156 73 128 86 119 144 134 96 102 73 105 121 
100 118 66 104 60 128 77 134 110 109 56 39 
91 28 62 27 54 87 68 55 45 20 43 61 
142 98 151 108 153 105 145 77 102 107 156 172 
74 124 111 115 121 56 99 100 97 126 136 143 
144 64 133 81 129 118 133 66 88 72 123 142 
51 97 85 88 95 28 73 75 70 99 109 117 
121 36 98 50 91 106 102 59 66 38 81 99 
98 84 116 86 120 61 107 56 73 91 128 143 
75 153 115 140 126 83 103 135 123 152 144 144 
107 56 111 65 111 74 106 35 61 64 113 130 
91 17 67 22 60 82 70 44 40 11 52 70 
144 71 139 87 136 114 137 66 91 80 133 151 
155 122 170 131 172 117 162 99 122 131 177 193 
67 109 42 93 44 99 50 118 92 101 52 36 
148 105 158 115 160 111 152 84 109 114 162 179 
125 137 91 125 84 153 102 156 132 128 77 62 
103 115 67 102 60 129 79 132 109 105 54 38 
156 70 137 87 130 136 140 84 99 75 121 138 
133 62 100 68 90 128 108 89 86 58 74 88 
143 61 131 78 126 117 131 66 86 69 120 139 
70 140 110 129 122 70 98 120 111 140 139 141 
27 63 44 49 52 17 34 50 32 61 65 75 
134 63 101 69 91 130 109 91 88 59 75 89 
137 65 104 72 94 132 112 93 90 61 78 92 
117 74 125 83 126 81 119 51 76 83 130 146 
32 76 9 59 21 58 8 79 53 69 39 39 
34 114 74 99 85 47 62 99 83 112 103 104 
64 56 26 41 15 76 36 72 48 47 6 23 
142 118 160 124 163 105 151 93 114 126 169 185 
171 94 139 104 129 164 147 120 122 92 113 125 
60 120 50 103 56 96 52 124 98 113 68 55 
97 70 109 74 112 60 102 43 63 77 118 134 
150 67 137 84 131 125 137 73 93 74 124 143 
64 119 102 109 112 49 90 96 91 120 128 134 
78 163 114 148 126 96 104 148 132 160 144 140 
139 91 146 102 147 103 141 71 97 100 149 166 
77 38 45 27 36 79 52 59 42 28 25 43 
63 102 36 86 37 94 44 111 85 94 45 29 
146 68 115 78 105 138 122 94 96 66 91 105 
147 63 122 77 114 133 127 85 93 64 101 118 
132 48 118 65 112 109 118 57 75 55 106 124 
38 98 75 86 85 27 63 79 69 98 101 107 
130 146 97 133 91 159 108 164 140 137 86 69 
114 78 74 73 63 124 86 104 88 70 45 50 
141 100 151 109 153 104 145 78 103 108 156 173 
96 51 60 46 49 101 70 77 62 43 33 47 
182 101 152 113 142 172 159 125 130 101 127 140 
40 56 14 39 17 52 15 61 35 50 31 40 
84 127 61 110 61 118 69 137 111 118 67 49 
13 90 33 73 45 49 23 86 62 85 62 62 
139 80 141 93 141 105 137 65 91 89 141 158 
47 116 47 98 55 84 45 117 92 109 71 61 
125 39 107 56 101 106 109 55 68 44 93 111 
90 97 115 95 121 54 105 69 79 102 132 144 
123 137 89 125 83 151 101 156 132 128 77 61 
134 51 107 64 99 122 112 76 81 52 86 102 
134 87 95 85 83 141 106 114 102 80 65 71 
66 73 87 69 93 28 77 47 52 77 104 116 
82 62 95 63 99 45 87 34 50 69 105 120 
74 91 36 76 30 98 48 105 80 82 29 11 
87 12 76 24 73 66 75 18 30 20 71 89 
146 122 164 129 168 109 156 97 119 131 174 189 
69 148 108 135 119 79 97 132 118 147 137 137 
27 110 50 93 61 63 42 105 82 105 79 75 
112 55 77 55 66 113 86 83 73 48 50 63 
140 69 108 76 97 136 116 97 94 66 81 94 
12 82 28 65 40 44 17 78 54 77 57 59 
89 106 118 103 125 56 107 79 87 111 137 148 
41 127 74 112 86 68 65 117 98 124 104 100 
86 95 112 93 118 51 101 67 77 100 129 141 
51 122 92 110 103 51 79 103 92 122 120 123 
74 103 42 88 40 103 52 116 90 95 43 25 
139 107 153 115 156 102 146 83 106 115 161 177 
118 34 94 48 87 105 98 59 64 35 76 94 
58 123 54 106 61 95 54 126 101 117 74 62 
135 49 112 64 105 119 116 69 79 52 94 111 
127 57 95 63 84 123 102 85 81 52 69 83 
109 128 75 114 70 137 86 144 120 118 66 49 
92 109 121 106 128 59 110 81 89 114 140 151 
70 39 39 26 30 74 45 58 38 30 22 40 
40 85 72 74 81 14 60 64 56 85 95 103 
61 113 98 104 108 44 86 91 86 115 123 130 
130 87 139 97 141 94 133 65 90 96 144 161 
113 48 80 51 70 110 88 76 69 42 55 70 
168 85 140 98 131 156 146 108 115 86 117 132 
91 7 72 21 66 77 74 35 36 9 60 79 
62 148 94 132 106 87 85 137 118 145 124 119 
167 84 139 97 130 155 145 107 113 84 115 131 
30 61 47 48 55 14 37 48 31 60 68 77 
154 68 136 85 129 132 138 80 97 73 120 138 
128 43 104 57 97 114 108 66 73 45 86 103 
49 135 75 118 86 81 67 127 106 130 103 97 
128 41 108 58 102 109 111 59 71 46 93 111 
104 99 64 88 55 124 77 119 98 89 43 33 
142 121 161 127 165 105 152 95 116 129 171 186 
18 104 49 88 60 54 39 97 75 100 78 76 
96 27 90 39 88 70 87 18 41 36 87 105 
31 101 35 84 45 67 30 101 76 95 62 56 
103 131 74 117 70 134 83 146 121 122 70 52 
71 112 46 96 47 104 54 122 96 104 53 37 
75 51 85 52 88 41 78 23 39 57 94 109 
83 71 99 71 104 46 91 42 57 77 112 126 
162 77 137 91 128 147 142 98 107 79 115 131 
157 77 127 88 117 148 134 102 106 76 102 117 
105 125 72 111 67 134 83 141 117 116 64 46 
139 108 154 115 157 102 146 84 107 116 161 177 
80 37 83 41 83 50 77 10 33 44 87 103 
131 87 92 84 80 139 103 114 101 79 62 67 
90 14 67 20 60 80 70 42 37 8 52 71 
42 55 14 38 16 54 17 61 35 48 28 38 
138 69 104 75 93 135 112 97 93 65 77 89 
70 154 105 139 117 89 95 140 124 152 135 131 
122 92 136 98 139 85 128 66 89 100 144 160 
159 77 130 90 121 148 137 102 107 77 107 121 
134 117 154 122 158 97 145 90 110 124 165 180 
136 82 98 83 87 140 108 110 100 76 69 77 
137 57 127 74 123 111 126 59 81 65 117 136 
72 126 56 109 60 107 61 132 106 118 70 54 
16 89 30 72 42 51 21 86 62 84 60 59 
142 85 146 98 145 108 141 69 96 94 145 163 
98 71 111 75 114 61 103 44 64 78 119 135 
79 99 108 95 115 46 97 72 78 103 127 138 
138 109 154 116 157 101 146 84 107 117 162 178 
109 44 77 46 67 106 84 72 64 38 52 68 
152 81 118 88 107 148 126 109 106 78 90 102 
128 47 101 58 92 117 106 73 75 46 79 96 
38 115 78 101 89 47 66 99 84 113 107 109 
116 113 78 103 69 139 90 134 113 104 58 46 
168 86 140 99 130 157 146 110 116 87 115 130 
127 48 118 65 114 102 117 50 71 57 109 128 
141 59 129 76 124 117 129 65 85 66 118 136 
109 23 93 41 88 90 94 39 52 30 82 100 
120 130 85 118 78 147 96 149 126 121 71 56 
86 112 54 97 51 115 65 126 101 103 51 32 
112 31 87 42 79 101 91 57 59 30 68 86 
61 117 99 107 109 47 87 95 89 119 125 131 
115 122 78 110 71 140 90 141 118 112 63 48 
55 109 93 100 103 39 80 87 81 111 118 124 
95 29 66 30 57 90 72 57 48 22 46 63 
52 138 87 123 99 75 77 126 108 135 117 114 
120 115 81 105 72 141 93 136 115 106 60 49 
27 114 62 98 74 56 52 104 84 110 92 90 
78 97 106 93 113 44 95 70 76 101 125 136 
53 121 52 104 59 90 51 123 97 114 74 62 
121 145 91 131 86 152 101 161 137 136 84 66 
113 58 77 58 66 115 86 86 75 51 49 61 
122 87 134 94 136 85 127 62 86 95 140 157 
103 55 67 51 56 107 76 81 68 47 39 52 
51 115 90 103 101 44 78 95 86 115 117 122 
52 40 54 30 57 30 48 26 13 41 65 79 
84 90 45 77 37 106 58 107 84 81 29 14 
28 61 44 47 51 18 33 49 31 59 64 74 
61 121 51 104 57 97 53 125 99 114 69 56 
48 41 29 24 29 49 29 46 20 35 36 50 
175 93 146 105 136 164 152 117 122 93 121 135 
128 44 104 58 96 115 108 68 74 45 84 101 
178 98 149 110 139 168 155 122 127 98 124 137 
10 82 30 65 41 42 18 77 54 78 59 61 
86 92 47 78 38 108 59 109 85 83 31 16 
4 84 42 69 53 32 30 75 54 81 70 74 
108 44 76 46 66 106 83 72 64 38 51 67 
89 102 116 100 123 55 106 75 83 107 135 146 
59 41 30 25 24 63 35 54 31 33 23 40 
57 76 82 69 89 21 71 51 52 79 100 111 
142 77 141 91 140 110 138 66 92 86 138 156 
81 5 64 12 60 66 65 27 25 7 57 75 
81 72 99 72 104 44 90 44 58 78 112 126 
74 113 109 106 118 49 97 88 88 116 132 140 
28 99 33 82 44 65 28 98 73 93 61 56 
71 141 112 129 123 70 99 120 111 141 140 142 
164 78 141 94 133 147 145 96 108 81 122 138 
119 146 90 132 86 150 100 161 136 137 84 66 
80 164 116 150 128 98 106 150 134 162 146 142 
137 80 140 92 139 103 135 64 90 89 140 157 
176 97 145 108 135 168 152 122 126 96 119 132 
125 80 86 78 75 132 97 107 94 72 57 63 
52 137 74 120 85 86 68 130 108 132 102 95 
97 130 69 115 67 129 79 143 118 121 69 50 
89 23 62 23 54 83 67 50 41 15 45 63 
152 66 132 82 125 133 135 81 95 70 115 133 
41 97 78 86 88 26 65 77 68 97 103 109 
125 112 86 104 76 145 98 135 115 103 62 54 
55 86 84 78 92 23 73 62 60 88 105 115 
73 146 113 133 124 75 101 126 116 145 141 143 
74 131 61 114 65 110 65 137 111 123 76 60 
115 28 95 45 89 98 98 49 59 33 80 99 
84 98 47 84 40 109 59 114 89 89 36 19 
73 137 113 126 124 66 101 115 109 138 140 144 
107 71 117 78 119 71 110 46 69 79 123 140 
130 91 141 99 143 94 134 68 92 99 146 163 
143 80 144 94 142 110 140 68 94 90 142 160 
101 67 63 61 51 111 73 92 75 58 33 41 
89 68 49 58 38 102 61 90 70 59 20 26 
150 64 128 79 121 133 132 82 94 67 110 127 
118 94 77 87 66 132 89 118 100 85 50 48 
44 41 38 26 40 37 33 38 13 38 48 62 
107 67 115 74 117 72 109 42 67 75 121 137 
183 100 154 113 144 171 160 123 130 101 129 144 
147 61 125 77 118 131 129 80 92 65 107 124 
118 63 82 63 71 120 91 90 80 56 54 65 
87 7 74 22 71 68 74 22 30 16 68 86 
99 13 83 31 79 80 84 32 42 21 74 92 
83 109 114 104 122 52 103 82 87 113 135 145 
96 34 93 45 92 67 90 18 43 43 92 110 
56 68 77 62 83 19 67 44 44 71 94 106 
151 124 168 131 171 114 160 99 122 132 177 192 
31 56 27 39 34 35 19 52 28 51 47 57 
68 31 41 17 34 67 45 49 30 23 30 48 
57 31 54 22 55 39 49 22 5 32 60 76 
121 43 112 60 109 95 111 43 65 52 105 123 
66 44 73 41 75 35 66 18 27 48 82 97 
168 90 137 100 126 160 144 115 118 88 111 124 
57 128 58 110 67 94 57 129 103 121 81 70 
39 121 78 106 90 55 67 106 90 119 107 108 
158 88 124 95 113 155 132 115 113 84 96 107 
148 79 114 86 103 146 122 107 104 75 86 97 
14 84 27 67 38 48 16 80 56 79 56 57 
122 35 103 52 97 104 105 53 65 40 88 107 
74 13 62 12 60 57 61 19 17 16 60 77 
108 66 116 74 117 73 110 42 67 74 120 137 
40 112 80 99 91 42 68 95 82 111 108 112 
75 119 52 102 53 109 60 128 102 111 60 43 
93 65 54 56 43 104 65 88 70 56 25 33 
97 66 108 71 111 61 101 40 61 74 116 132 
88 89 110 88 116 51 100 61 73 94 126 139 
130 105 146 111 150 92 138 79 101 113 156 171 
154 69 130 84 122 140 135 90 100 72 109 126 
117 67 80 65 69 122 90 94 82 59 51 61 
151 64 132 81 125 130 134 78 94 70 116 134 
107 110 133 110 139 72 122 82 95 116 149 161 
128 76 91 76 79 132 101 103 93 69 62 71 
137 63 105 71 95 131 113 90 89 60 80 94 
44 51 54 40 59 19 45 35 22 51 69 81 
119 58 85 60 74 119 93 86 78 52 58 71 
66 107 101 99 110 41 88 83 81 109 124 132 
91 76 51 66 40 107 63 97 77 67 24 24 
77 43 83 45 84 46 76 14 34 49 89 105 
109 95 69 85 59 127 82 117 97 86 44 38 
121 105 140 109 145 84 131 78 97 113 152 167 
80 162 118 148 129 93 107 145 131 160 147 145 
107 101 68 91 58 128 80 122 101 92 46 36 
67 136 107 124 118 65 95 116 107 136 135 138 
87 67 47 56 35 99 58 88 68 58 18 25 
136 59 106 68 97 128 113 85 86 57 82 97 
149 123 167 130 170 112 158 98 121 131 176 191 
112 106 73 96 63 133 85 127 106 97 51 41 
77 122 55 106 57 111 62 131 105 114 64 47 
93 104 120 102 127 58 109 76 86 109 138 150 
140 55 116 70 108 126 121 77 85 57 96 113 
135 74 99 77 87 135 108 102 94 68 70 81 
88 169 126 155 138 100 115 152 139 168 156 154 
95 27 89 39 87 69 87 17 40 36 87 105 
124 46 96 56 87 116 102 73 74 44 73 90 
182 99 155 112 146 169 161 121 129 100 131 146 
38 124 66 108 78 70 58 116 95 120 95 91 
50 87 19 70 22 79 28 95 69 79 34 25 
180 97 152 110 142 168 158 120 127 98 127 142 
57 127 58 110 66 94 57 128 103 121 80 69 
112 63 117 72 117 78 111 41 67 71 119 137 
66 150 103 135 114 84 92 136 120 148 132 130 
50 128 90 115 102 60 78 112 98 127 119 120 
119 48 88 54 78 114 95 76 72 43 63 79 
42 91 76 81 86 21 64 71 63 92 100 108 
50 134 70 117 80 85 64 128 106 128 97 90 
101 72 61 64 50 112 73 96 78 63 32 37 
116 59 81 60 70 118 90 87 78 53 53 65 
139 107 153 115 156 102 146 83 106 115 161 177 
112 104 134 106 139 75 124 76 93 111 147 161 
110 55 75 54 64 112 84 82 72 48 48 61 
100 34 70 36 61 96 76 62 54 28 48 65 
170 86 143 100 134 156 149 107 116 87 121 136 
82 80 102 78 108 45 93 52 63 85 117 130 
37 114 77 101 89 47 65 99 84 113 106 108 
103 91 63 81 52 121 75 113 92 82 38 32 
98 94 120 95 126 62 111 66 81 100 135 148 
68 128 58 111 63 104 61 133 107 121 75 60 
83 65 98 66 101 47 89 37 53 71 108 123 
111 26 89 41 82 97 92 52 56 28 72 90 
112 86 127 92 130 75 119 60 81 94 136 152 
92 85 112 85 117 55 103 56 71 91 126 139 
144 115 160 123 163 106 152 91 113 124 168 184 
123 47 115 63 112 95 114 44 68 56 109 127 
17 74 45 60 54 20 33 63 44 72 70 76 
73 46 80 46 82 40 73 18 33 51 88 104 
57 113 43 96 49 92 47 118 92 106 61 48 
82 101 111 97 118 49 100 73 80 105 130 141 
111 111 136 112 141 75 125 83 97 117 151 164 
7 94 45 78 57 42 33 85 64 90 74 75 
102 107 128 106 134 67 118 79 91 113 144 157 
122 87 82 82 70 133 93 113 97 78 53 55 
142 58 117 72 109 128 122 80 88 59 96 113 
40 125 65 108 76 74 57 118 96 120 93 88 
90 26 85 36 83 64 82 12 35 35 83 101 
68 94 98 88 105 36 86 68 71 97 118 128 
67 129 107 119 117 59 94 108 101 130 134 138 
159 74 135 89 127 144 140 94 104 76 115 131 
150 63 128 79 121 132 132 81 93 67 110 127 
56 57 71 51 76 21 62 33 34 60 86 99 
135 65 102 71 91 131 110 93 89 61 75 89 
34 106 74 93 85 37 62 89 76 105 102 105 
28 99 68 86 78 31 55 83 69 98 95 99 
58 107 94 98 104 38 82 85 80 109 119 126 
78 52 87 53 90 44 80 23 41 58 96 111 
41 123 60 106 71 76 54 118 95 118 88 81 
127 79 88 77 77 133 99 106 94 72 59 66 
81 67 97 68 101 45 88 39 54 73 109 123 
128 80 89 78 78 134 100 107 95 72 60 67 
105 70 65 64 54 114 77 95 78 61 36 43 
57 119 96 108 107 48 84 98 90 120 123 128 
11 96 42 80 54 48 32 89 67 92 72 71 
136 52 122 69 117 113 123 61 79 59 110 128 
135 103 149 111 152 98 142 79 102 112 157 173 
86 92 47 79 39 108 59 110 86 83 31 16 
108 83 123 88 126 71 115 56 77 90 132 147 
129 55 99 63 89 123 106 82 81 52 74 89 
124 93 138 100 141 87 131 68 91 101 146 162 
136 61 129 77 126 107 128 57 81 70 123 141 
158 77 129 89 119 148 135 102 106 77 104 119 
113 122 77 110 70 139 89 141 117 113 63 47 
120 89 134 96 137 83 126 64 87 98 142 158 
149 104 158 115 159 112 152 84 109 113 162 179 
133 92 144 102 145 97 137 70 95 101 149 165 
113 99 133 102 137 76 124 71 90 106 145 159 
167 91 135 101 124 160 143 117 118 89 108 121 
17 75 47 61 56 19 35 63 45 73 72 78 
128 114 149 118 153 91 140 87 106 122 161 176 
56 142 83 126 94 87 75 134 113 138 111 104 
60 55 73 50 78 25 65 30 34 59 87 100 
161 77 136 91 127 147 141 98 107 79 114 130 
72 53 83 53 87 38 76 26 39 59 94 108 
59 145 91 129 103 84 82 134 115 142 121 116 
28 96 30 79 41 64 25 96 71 90 58 53 
121 53 88 58 78 118 96 81 76 48 63 77 
68 112 45 95 46 101 52 121 94 103 54 38 
117 74 79 71 67 125 89 101 87 66 49 56 
117 55 83 57 72 116 91 83 75 48 56 70 
59 145 92 129 103 83 82 133 115 142 121 117 
41 127 72 111 84 70 63 118 98 124 102 98 
102 24 77 33 69 93 81 52 50 21 58 76 
56 101 33 84 36 88 39 109 83 94 47 34 
79 160 117 146 129 91 106 143 130 158 147 145 
77 94 104 90 111 42 93 66 73 98 123 134 
126 87 137 95 138 90 130 64 88 95 142 159 
142 56 120 71 112 126 123 76 86 59 101 118 
118 78 128 87 129 82 121 55 79 87 133 150 
143 88 148 100 147 108 143 72 98 97 148 166 
65 132 105 121 116 61 93 112 103 133 133 136 
141 73 107 79 96 139 115 101 97 69 79 92 
48 135 81 119 93 74 72 124 105 131 111 107 
63 147 99 132 111 82 89 133 117 145 129 126 
154 68 132 84 125 136 136 86 98 71 114 131 
132 73 134 86 133 98 129 58 84 82 133 151 
144 121 162 128 166 107 154 96 117 130 172 188 
18 77 48 63 58 18 36 64 46 75 73 80 
91 125 63 110 62 123 72 138 112 116 64 46 
117 43 110 59 108 89 108 38 62 52 105 123 
122 41 96 53 87 112 101 68 70 40 75 92 
155 120 169 129 171 117 161 97 121 129 175 192 
89 7 75 22 71 70 75 23 31 16 68 87 
113 128 78 115 73 140 90 146 122 119 67 51 
61 147 96 131 108 83 86 134 116 144 126 123 
60 102 94 93 103 35 82 78 75 104 117 126 
32 108 53 61 131 126 56 115 66 108 84 112 79 116 80 120 74 44 100 126 80 81 62 99 135 70 142 105 105 139 69 114 36 154 78 171 112 151 41 128 75 114 54 170 56 100 110 46 121 37 113 44 74 49 70 58 147 39 105 138 160 131 84 76 78 67 56 138 123 10 144 129 129 102 152 77 87 148 108 68 41 107 24 135 115 119 105 163 100 31 107 122 98 105 70 58 113 86 161 100 58 39 105 70 48 54 118 105 86 95 57 133 113 83 101 85 74 101 108 117 98 128 145 57 80 112 122 168 62 104 125 165 105 121 71 49 142 98 102 113 110 140 64 120 29 67 103 25 94 40 89 88 147 52 59 113 99 67 105 158 138 125 112 88 54 62 145 112 110 118 92 70 161 120 69 52 26 31 139 75 184 42 188 81 118 69 126 131 50 97 125 129 58 124 46 113 105 22 70 131 74 78 100 129 102 146 133 88 95 55 101 67 97 95 116 53 116 58 119 93 180 32 148 139 137 52 154 71 110 115 157 153 101 139 13 92 140 122 129 72 95 54 135 138 153 124 78 136 124 120 20 53 177 134 75 98 59 32 141 83 151 40 36 27 144 143 108 88 58 74 30 95 134 26 174 65 66 116 129 86 146 74 116 98 44 88 58 48 112 48 91 142 87 85 138 162 116 138 90 59 98 131 119 166 27 121 97 149 132 56 53 130 67 138 126 51 94 65 27 15 130 56 64 148 53 48 124 69 37 126 66 163 161 108 65 139 95 72 100 37 28 32 128 56 92 131 38 94 120 136 27 42 25 157 39 110 45 124 104 157 30 55 131 18 129 143 91 115 158 42 66 86 47 18 97 25 102 16 124 117 33 125 115 113 136 114 147 44 40 93 81 106 41 127 75 133 112 109 127 66 60 182 57 64 132 71 41 88 172 29 57 49 143 89 59 82 95 156 100 91 142 74 144 51 121 98 75 107 91 144 155 67 148 125 103 156 133 143 70 27 134 137 117 32 34 64 142 171 60 97 150 64 78 139 77 63 146 147 132 38 130 114 141 96 182 40 84 13 139 47 125 90 123 134 134 66 82 74 87 146 69 27 112 140 12 89 41 86 51 74 139 118 58 135 127 109 92 70 40 61 130 113 168 91 62 167 30 154 128 49 128 104 142 18 96 31 103 71 75 83 162 157 105 139 80 131 90 42 138 70 122 159 134 136 137 72 16 142 98 79 138 109 152 128 38 116 168 127 141 109 120 86 112 61 115 55 95 52 120 27 78 53 121 113 122 103 51 52 84 28 61 48 175 128 178 10 86 4 108 89 59 57 142 81 81 74 28 71 164 119 80 137 176 125 52 97 89 152 41 125 55 73 74 115 84 73 107 130 143 101 89 150 118 44 107 183 147 118 87 99 83 96 56 151 31 68 57 121 66 168 57 39 158 148 14 122 74 108 40 75 93 97 88 130 154 117 151 107 128 137 44 119 66 91 77 109 121 80 107 67 87 136 149 112 77 93 140 135 88 95 124 182 38 50 180 57 112 66 50 119 42 50 101 116 139 112 110 100 170 82 37 103 98 68 83 111 112 92 144 123 17 73 57 82 111 7 102 122 142 40 90 68 67 159 150 56 135 34 28 58 78 41 127 81 128 105 57 11 136 135 86 108 129 124 136 158 113 120 149 133 113 167 17 128 56 60 161 72 59 28 121 68 117 117 59 41 102 56 79 77 126 142 118 143 65 141 48 63 154 132 144 18 91 117 122 155 89 113 61 60 
115 48 136 112 68 72 53 31 152 104 166 123 118 136 67 62 131 128 71 63 21 56 99 76 60 114 59 42 110 92 73 144 122 69 154 86 86 66 102 44 77 104 107 89 126 17 65 111 115 49 56 50 157 127 153 144 63 126 88 56 130 48 48 59 40 33 137 64 37 76 92 94 112 86 85 93 88 70 116 152 96 133 109 77 104 53 122 83 98 55 106 84 107 45 118 127 57 23 84 85 124 47 39 60 93 139 99 86 103 135 135 61 117 115 92 102 22 61 24 38 26 85 76 120 118 95 72 85 86 104 110 79 33 89 75 108 113 91 138 92 113 120 33 108 113 130 63 61 30 117 40 97 104 74 110 35 61 73 86 71 95 63 102 34 118 53 79 61 92 35 71 41 83 53 121 92 112 111 77 106 101 47 106 32 80 87 145 45 112 42 58 51 125 72 115 67 132 70 150 112 156 96 17 91 112 81 70 115 9 109 50 153 32 110 87 101 49 133 35 93 99 54 72 53 98 45 68 80 53 37 72 74 97 63 83 121 58 142 88 141 75 119 50 57 67 89 75 113 127 68 68 137 98 51 125 63 102 97 58 48 77 102 120 59 68 60 50 54 110 122 115 60 70 59 91 125 93 64 77 56 100 79 103 108 111 39 91 49 62 126 122 56 124 17 76 85 94 53 52 33 23 77 107 80 63 48 106 81 95 125 56 70 122 64 42 89 7 33 109 101 44 117 93 104 114 104 38 33 84 71 112 81 78 98 91 86 58 151 98 123 58 118 71 38 32 86 99 99 106 57 82 50 69 73 90 30 60 38 104 124 56 120 87 95 64 81 47 47 79 48 129 105 125 87 125 104 116 69 41 55 109 110 115 38 67 70 64 62 63 109 129 70 127 62 77 65 37 108 52 128 42 102 124 46 71 63 76 117 86 105 31 39 57 93 103 43 113 73 118 28 98 124 64 97 36 84 153 56 17 71 122 109 105 137 115 70 62 61 140 63 63 65 74 76 114 56 118 94 120 70 67 119 163 91 38 102 68 63 48 98 146 78 100 51 101 56 127 90 80 116 39 97 137 51 87 73 62 91 12 122 148 110 55 69 82 106 127 95 122 103 107 34 123 49 57 128 109 39 85 113 87 48 85 7 148 84 61 68 43 135 41 99 121 104 27 101 131 112 51 71 77 77 125 108 37 87 14 55 69 154 92 77 117 82 57 126 89 85 71 99 109 44 81 47 115 113 86 48 59 23 130 112 31 117 122 109 29 138 115 114 97 121 145 58 87 55 115 40 90 61 121 41 93 44 98 82 92 84 44 102 41 76 77 5 72 113 99 141 78 146 164 80 97 80 137 130 23 66 97 112 86 146 131 28 98 137 71 91 80 67 68 64 94 41 67 100 61 63 7 13 109 34 68 124 56 31 31 43 44 90 128 121 88 79 84 35 13 66 112 119 65 66 89 105 69 67 64 110 76 63 51 58 107 76 43 95 105 162 101 136 67 59 123 106 122 104 55 74 169 27 46 99 124 87 97 127 63 150 128 48 91 134 72 59 107 104 55 34 86 80 114 91 94 128 65 26 86 85 115 47 74 46 113 101 111 94 107 87 58 125 26 94 129 74 63 57 65 106 99 107 52 123 79 67 80 70 119 96 52 103 92 83 55 93 61 77 122 89 104 92 99 91 75 114 142 55 77 53 145 96 53 112 74 55 145 127 24 101 160 94 87 56 78 88 132 73 135 147 68 73 121 77 125 43 41 120 7 128 147 102 
71 107 91 98 131 130 21 101 100 69 121 76 114 84 96 122 62 82 112 125 75 43 33 114 128 47 129 72 67 147 90 85 64 128 117 146 72 134 79 103 96 135 91 141 96 87 117 42 82 31 78 53 110 60 107 89 121 73 123 126 176 118 91 37 81 39 95 132 102 38 150 141 148 61 117 104 110 117 72 104 77 76 62 98 75 117 71 133 123 27 68 133 125 71 107 99 78 59 130 60 98 37 101 85 82 90 136 122 114 71 96 101 75 117 61 113 50 109 87 107 71 89 111 50 115 131 128 140 90 65 85 141 99 81 92 38 158 119 76 130 73 159 65 141 68 107 65 30 90 51 90 114 157 77 40 104 107 88 122 138 148 125 133 57 48 74 110 116 70 94 52 37 130 118 52 85 60 48 140 45 156 47 159 51 129 96 94 110 89 64 122 100 98 129 86 120 75 19 109 150 112 106 87 90 65 110 98 57 78 39 65 100 93 124 76 88 84 98 105 116 150 32 117 119 148 24 133 94 76 106 132 124 61 108 48 62 113 90 90 112 110 94 119 127 133 136 98 154 87 84 25 89 146 108 57 108 94 70 128 47 119 33 60 26 137 130 109 51 95 54 56 104 99 33 146 55 32 120 91 49 155 96 136 125 84 55 88 20 117 59 62 118 61 77 103 130 133 114 97 36 89 135 140 143 44 115 60 114 143 96 16 94 53 107 112 83 77 38 67 53 112 95 31 158 44 85 106 41 69 89 44 135 133 129 94 101 103 111 123 71 38 63 92 59 62 139 30 120 140 126 16 52 48 131 20 99 62 102 129 172 32 50 140 58 128 144 56 84 128 49 59 115 87 26 67 65 66 33 99 117 73 85 77 84 103 121 120 7 60 122 61 116 69 93 96 100 104 133 97 106 66 152 97 30 133 87 7 58 147 40 53 33 123 113 35 86 61 128 66 62 151 111 133 85 98 116 115 111 67 139 170 42 158 91 67 137 100 131 110 44 101 104 125 9 74 26 160 139 50 109 137 102 114 146 45 36 115 122 118 75 97 74 151 60 152 14 61 33 141 47 107 115 89 107 95 87 95 36 76 164 108 50 77 108 28 118 74 112 92 42 153 94 54 112 95 75 121 39 72 98 139 80 140 72 94 139 47 136 104 75 108 64 161 49 90 35 74 46 85 99 137 127 72 154 83 92 67 14 104 105 136 130 154 98 127 56 30 146 111 108 154 77 118 101 78 78 140 118 129 93 85 54 87 99 78 93 66 87 81 62 106 52 91 77 134 67 90 54 45 44 51 29 146 104 149 30 47 42 76 116 30 82 141 64 99 109 33 112 141 90 116 140 145 86 74 69 62 132 78 86 84 113 61 95 47 113 117 141 144 63 49 128 77 38 115 154 125 82 74 83 114 93 77 168 27 41 54 112 73 137 58 78 124 114 27 103 62 116 80 52 54 108 110 146 130 80 132 133 91 105 54 85 101 51 83 69 140 118 68 107 47 106 167 73 55 120 116 99 126 89 96 155 66 19 152 58 117 103 90 88 76 70 61 81 153 134 75 70 143 102 77 63 120 58 98 89 127 112 160 115 45 80 43 111 136 45 128 82 117 65 85 98 107 135 128 71 102 74 68 94 87 60 88 97 89 65 96 42 122 149 47 123 99 138 129 129 77 134 158 144 133 135 47 149 83 73 136 83 91 30 88 45 79 83 92 72 77 33 117 104 137 120 128 148 105 107 81 99 132 134 162 48 63 110 96 169 75 78 96 94 
100 59 122 103 81 84 37 48 136 93 152 111 111 122 67 74 114 113 76 76 27 46 83 80 76 97 77 44 98 103 69 129 105 83 141 101 79 83 90 57 75 107 97 101 114 34 73 94 105 32 56 39 143 110 138 129 77 110 91 73 138 65 52 47 42 18 123 80 53 61 103 102 116 76 91 89 87 80 104 137 85 118 94 79 95 66 109 94 98 39 95 92 105 45 109 115 57 21 94 75 113 32 51 58 84 124 103 89 99 119 121 68 105 109 82 98 11 68 38 55 31 82 83 103 112 99 83 98 80 93 101 94 48 84 72 90 121 92 123 97 102 126 29 111 98 119 58 45 41 100 46 95 114 66 93 51 67 69 90 88 105 76 105 30 100 49 84 71 83 48 61 28 94 67 104 83 96 94 91 91 115 35 119 24 88 83 132 61 101 39 72 61 113 83 103 76 117 53 136 117 141 92 34 87 99 86 74 100 26 92 47 137 43 107 80 91 53 120 53 93 111 38 81 69 107 28 84 76 53 53 87 85 86 72 68 106 70 128 85 130 78 108 67 74 83 97 73 119 116 67 51 122 109 64 108 69 93 84 76 38 86 85 104 43 85 77 61 46 101 105 99 65 74 44 104 108 77 74 77 47 111 76 106 106 99 33 84 31 72 108 107 71 109 27 79 95 99 67 57 16 38 89 110 96 49 63 93 87 103 113 40 72 105 72 60 80 24 17 94 85 61 107 77 115 97 93 55 19 73 71 95 94 91 100 85 87 64 138 99 107 43 102 72 31 31 96 82 99 109 73 65 39 56 86 72 47 51 53 105 133 40 103 97 81 78 95 41 52 90 36 112 102 112 69 110 90 102 53 54 68 96 101 104 45 73 79 77 45 53 106 112 77 110 66 75 70 52 109 60 117 37 113 113 32 84 61 59 102 101 88 21 22 73 92 87 46 99 86 104 27 108 115 81 88 50 86 140 65 22 87 131 93 115 125 102 87 68 78 129 49 69 72 83 59 99 41 124 104 103 74 84 109 148 102 27 86 78 77 65 86 133 73 109 46 113 39 110 73 93 98 56 95 125 64 85 69 63 76 24 129 135 93 55 76 65 103 112 93 110 88 115 48 106 64 63 114 106 26 74 104 97 51 98 21 132 97 48 85 57 118 58 88 127 88 39 84 117 96 52 71 91 88 111 115 41 84 20 38 75 139 98 90 122 83 74 109 72 98 75 95 116 46 88 58 101 103 99 65 76 41 118 97 42 107 110 100 30 123 105 98 93 104 131 58 94 51 103 30 77 47 104 24 105 58 110 65 78 69 46 100 25 69 91 12 72 106 82 129 94 132 150 92 108 78 120 115 23 82 86 104 78 133 114 45 84 126 78 99 94 61 58 79 87 26 74 113 77 63 22 31 104 45 62 131 39 17 22 60 41 100 110 106 95 86 67 52 12 74 99 102 56 71 88 111 84 65 81 110 76 71 40 60 99 66 45 85 109 148 91 124 56 68 130 96 106 102 70 77 155 39 56 112 108 70 110 110 72 135 115 54 81 117 64 60 115 106 54 36 100 78 101 81 95 111 66 41 92 85 123 63 60 46 96 97 112 78 106 82 72 108 36 88 119 89 79 51 71 93 86 98 53 106 77 68 78 64 108 80 69 111 79 88 63 100 77 89 110 96 115 102 102 101 61 118 126 50 91 53 129 79 58 95 71 57 129 111 33 84 146 90 95 71 87 100 121 79 119 132 84 86 128 63 110 59 53 129 22 115 131 93 
82 107 103 108 129 130 12 96 111 59 133 70 123 78 100 121 66 94 115 124 73 31 34 117 125 48 125 62 59 148 95 82 75 120 129 137 60 128 89 94 102 140 101 131 107 82 118 50 73 35 67 58 122 70 119 101 112 84 127 121 179 113 93 25 83 33 107 129 95 49 150 144 153 50 106 111 115 107 64 116 87 73 73 87 65 115 66 123 129 33 59 135 131 61 116 110 67 51 119 49 108 41 100 89 91 101 140 126 121 71 108 91 68 125 51 120 44 110 80 104 63 78 100 57 124 135 128 130 98 56 74 133 96 69 98 44 161 124 75 134 64 163 66 146 79 118 54 37 89 62 91 120 158 84 45 100 109 94 126 131 149 124 138 48 54 79 99 116 59 86 40 28 119 116 56 93 72 59 139 42 147 52 150 42 130 103 89 103 99 53 120 90 109 129 97 121 71 29 120 154 123 113 82 78 58 99 87 53 72 44 55 111 91 131 65 97 74 110 100 122 140 37 107 112 150 20 126 100 65 102 124 114 52 98 59 59 103 85 78 123 114 104 113 123 126 138 103 157 79 72 35 101 136 99 60 110 103 81 123 36 109 41 72 34 134 124 108 40 105 56 68 106 87 40 136 61 29 120 80 37 156 102 141 132 94 45 97 18 117 69 59 109 60 75 92 119 137 106 99 33 86 135 145 135 52 112 52 103 146 107 8 83 57 97 107 91 72 32 78 65 106 106 29 159 51 95 100 33 78 77 46 126 124 134 102 89 105 123 129 83 45 75 81 61 52 140 39 126 144 122 28 56 57 122 28 96 68 95 134 174 38 57 141 69 126 143 45 74 118 53 65 123 99 38 64 76 60 42 91 116 85 75 68 75 93 123 111 7 66 129 63 119 80 82 102 89 101 139 88 116 69 142 108 21 132 92 14 55 139 51 54 32 116 119 38 88 55 119 60 54 153 121 129 95 91 120 126 111 60 136 172 44 160 84 60 130 90 126 122 52 91 94 126 21 85 15 163 129 56 112 131 112 126 147 36 37 105 114 112 85 91 63 153 49 142 17 61 45 141 55 101 121 83 99 83 93 99 30 73 168 119 61 66 97 40 125 86 118 103 40 156 87 61 105 84 70 128 30 81 108 141 70 131 66 106 130 55 129 97 86 102 55 165 60 88 45 70 47 88 104 128 117 67 157 83 80 60 16 93 117 139 121 158 87 123 60 42 145 114 115 157 67 107 92 89 69 130 114 124 88 78 51 79 109 71 103 57 99 72 74 113 59 86 66 136 56 101 57 37 51 57 29 136 96 139 41 38 53 66 123 24 89 140 60 104 118 44 123 133 86 128 139 135 75 85 67 54 125 88 76 92 124 65 89 40 124 119 143 142 51 38 121 66 40 117 144 118 71 71 79 122 92 83 171 34 34 55 109 75 126 67 90 113 103 38 97 60 117 91 53 43 111 116 150 122 69 125 139 79 95 59 74 110 40 84 59 145 129 58 118 35 97 170 63 57 127 108 87 138 87 87 146 78 22 142 66 117 114 102 78 86 80 50 70 156 139 64 61 134 108 89 52 126 63 101 82 130 117 163 112 54 82 49 118 141 57 134 70 109 76 83 105 117 127 121 76 91 85 78 104 90 71 77 101 78 54 107 54 117 152 39 126 89 141 126 119 70 137 159 145 137 124 56 153 94 78 127 87 103 41 78 46 67 72 103 84 69 36 129 111 138 112 129 147 116 96 93 111 125 133 166 58 62 108 87 171 71 73 108 103 
52 77 70 43 98 92 67 94 89 129 98 138 55 145 43 88 110 64 64 94 56 91 92 62 106 103 117 103 129 103 32 145 69 140 83 157 126 130 31 115 38 77 37 160 56 80 75 83 142 37 114 20 90 86 86 84 134 67 68 113 122 107 51 88 47 67 69 109 107 28 108 92 92 118 151 43 51 140 133 86 25 137 49 137 135 89 133 154 64 36 129 86 64 104 50 56 115 80 154 117 53 32 76 34 24 75 81 68 52 129 65 129 137 55 120 51 69 66 95 92 91 136 143 94 55 75 88 156 28 126 143 148 78 133 34 84 105 61 135 76 134 103 39 83 50 59 110 31 67 77 58 53 110 15 93 87 64 30 68 138 102 93 75 87 91 28 144 78 127 106 105 74 153 90 104 24 56 68 106 105 172 24 177 80 82 34 155 115 41 97 94 121 54 89 45 78 136 44 81 94 87 44 80 140 127 145 133 118 79 89 103 90 70 62 129 31 113 62 98 56 170 32 141 121 100 58 136 34 111 89 143 144 122 132 24 122 129 151 138 70 58 48 114 112 135 87 41 99 149 124 37 72 168 122 110 63 35 27 117 88 146 75 70 35 115 119 76 95 41 109 65 60 133 29 162 102 93 82 133 95 110 37 79 63 41 89 27 56 79 85 122 127 120 62 139 155 79 123 56 57 74 97 83 149 17 94 122 147 95 54 66 131 103 132 103 22 77 65 45 43 111 47 92 111 89 33 104 69 13 129 99 152 148 71 32 143 60 82 64 63 24 62 130 32 89 95 73 59 83 109 58 20 13 143 70 87 11 108 68 119 31 92 94 32 98 110 95 112 150 23 103 53 57 52 128 40 128 30 112 86 41 143 138 105 133 78 135 61 7 60 115 70 72 126 38 130 85 73 120 57 32 172 53 71 99 34 66 118 156 67 39 47 125 53 91 50 123 144 128 87 105 56 118 28 106 61 83 74 82 114 117 99 111 153 129 136 128 117 70 17 130 132 81 58 47 76 105 164 96 60 125 49 96 103 79 94 138 133 109 27 159 124 104 101 172 52 118 49 105 84 106 54 151 122 141 28 45 98 66 109 79 63 113 136 44 56 68 51 51 103 102 105 95 119 123 137 59 74 14 44 94 110 156 77 87 155 14 132 114 81 109 124 105 54 70 67 134 104 41 46 147 148 134 102 50 139 80 54 135 89 85 148 97 140 111 107 51 108 61 46 101 106 148 117 47 139 157 102 117 90 147 115 101 47 140 39 90 75 141 56 44 90 152 115 85 107 44 30 106 18 97 49 164 115 168 42 108 32 106 55 63 21 110 66 44 49 65 70 147 150 98 103 168 132 86 129 83 133 26 145 23 75 110 98 109 66 71 94 110 111 102 133 132 37 72 171 131 120 68 80 52 67 19 114 35 67 39 95 35 160 94 55 155 146 48 104 57 73 42 109 104 61 51 92 140 122 130 72 132 131 19 119 41 107 46 127 84 93 128 65 99 128 112 133 111 58 126 135 100 69 116 169 70 79 168 94 78 84 60 114 21 85 112 118 102 75 112 96 156 45 47 121 62 104 47 97 75 55 106 95 20 40 92 49 75 42 67 133 128 74 64 36 59 144 132 21 131 37 31 38 44 76 133 45 134 114 48 48 113 98 108 71 123 87 107 148 139 83 112 97 76 160 19 91 87 25 147 38 84 64 118 101 125 116 83 70 93 88 91 42 90 126 82 108 61 139 74 82 136 98 107 18 123 89 112 117 70 140 83 35 
59 103 80 86 127 125 29 101 90 81 111 88 102 94 87 117 65 71 105 122 71 53 42 106 127 54 130 80 79 141 80 95 55 133 106 151 84 136 66 107 86 126 79 148 84 87 111 41 94 25 86 45 100 56 96 80 126 63 114 126 168 118 85 48 76 44 84 131 105 26 144 134 139 74 126 94 100 124 83 94 65 86 51 108 88 113 83 140 113 19 81 126 114 79 94 86 87 64 137 72 85 30 98 77 70 79 127 114 103 79 85 109 88 105 74 102 53 102 90 106 76 100 119 51 103 122 122 146 79 77 97 145 96 93 82 40 150 110 85 122 85 151 59 132 56 95 76 20 87 47 85 103 150 66 45 102 101 79 114 141 142 121 123 64 49 66 119 111 82 98 64 44 137 115 57 73 50 41 136 54 163 39 166 57 122 85 105 113 76 71 119 106 86 124 73 114 85 6 97 141 101 95 87 101 77 119 107 67 79 43 74 91 90 113 88 76 92 87 106 106 157 23 124 122 141 28 136 84 84 104 137 131 74 115 36 72 118 100 101 100 102 81 120 127 136 129 88 145 99 93 13 79 153 113 62 101 82 58 129 56 127 32 53 17 135 130 104 61 83 60 48 97 108 23 152 58 42 115 101 59 149 86 127 114 71 63 77 24 112 55 71 122 70 75 112 137 125 118 91 38 88 130 131 147 33 113 72 123 136 84 25 103 57 114 113 71 78 42 55 42 114 83 41 151 46 73 108 46 57 99 50 141 139 119 83 111 97 100 113 61 28 54 102 53 68 133 30 109 131 125 12 43 37 136 22 99 52 105 118 164 23 51 133 46 124 140 65 91 135 41 61 104 75 17 77 53 78 21 104 113 61 97 89 90 111 115 126 16 49 111 68 110 60 102 87 108 102 123 104 93 59 159 85 37 129 78 15 68 152 34 48 31 126 103 42 80 72 134 77 68 145 99 133 73 102 107 103 106 70 137 162 50 152 102 79 140 108 131 98 34 109 112 119 8 62 36 151 147 52 102 137 90 104 141 52 44 122 127 118 63 108 86 145 70 159 15 69 23 137 45 109 105 101 112 106 77 87 48 75 156 97 42 86 116 17 107 65 101 79 52 146 98 54 116 102 86 110 45 60 86 133 88 146 74 85 145 37 138 108 67 111 77 152 39 87 30 83 54 78 91 142 134 83 146 77 103 70 17 112 95 128 137 145 108 126 61 21 141 103 97 146 84 126 106 66 90 146 117 129 94 96 65 91 87 90 80 72 77 93 52 95 51 101 86 127 76 78 48 58 33 53 29 152 108 155 18 59 30 83 106 35 71 138 65 90 97 28 99 145 100 106 135 152 97 68 79 67 135 65 98 73 101 65 98 59 101 110 134 140 73 61 132 89 33 109 160 129 91 74 84 103 90 67 160 19 45 49 111 66 144 57 67 132 122 16 105 61 110 68 60 65 101 100 138 135 90 134 122 101 113 45 93 88 63 76 82 131 107 80 95 58 113 158 85 62 109 121 108 115 87 102 161 58 28 158 57 111 92 78 95 64 64 73 90 146 124 84 76 149 93 65 75 111 61 89 92 119 103 152 114 33 73 47 100 125 33 118 93 122 57 82 86 94 140 132 62 110 62 55 82 80 54 99 88 100 77 84 32 123 142 59 115 106 131 128 135 89 126 152 137 124 143 35 140 75 65 141 76 82 25 96 52 89 91 82 63 81 39 106 93 130 123 121 143 93 115 72 89 136 129 154 36 72 108 101 161 75 90 86 82 
102 31 122 89 55 54 65 43 139 125 150 142 92 152 39 46 137 115 44 50 6 77 109 49 56 123 65 70 129 72 46 158 115 91 135 107 110 78 82 68 50 76 85 113 107 30 42 113 136 46 83 35 142 125 138 134 86 115 60 61 106 55 21 79 11 50 121 60 58 67 74 70 85 108 113 66 59 97 135 137 76 148 98 105 127 42 139 108 70 52 127 60 78 73 94 107 85 49 110 107 104 41 27 33 71 126 72 58 75 146 117 89 137 88 114 74 43 36 49 40 54 112 104 123 93 68 52 108 61 124 133 98 27 115 48 112 89 62 151 65 133 94 13 80 100 108 89 55 16 115 15 69 83 50 116 35 35 46 59 86 74 49 74 60 121 28 107 40 115 61 93 60 109 43 128 69 103 107 64 118 123 36 129 55 56 61 162 65 92 68 47 78 105 53 96 45 147 69 133 85 139 69 29 117 130 109 98 129 33 114 76 141 19 82 112 78 78 114 46 65 124 49 99 71 75 55 85 53 81 37 94 99 117 90 71 135 83 159 115 121 47 99 62 60 84 65 47 87 148 95 64 124 123 76 133 37 78 79 65 70 104 104 114 56 65 67 32 77 88 130 109 33 98 53 114 130 105 44 105 78 80 52 75 80 93 64 67 57 41 123 135 78 136 12 104 111 68 75 26 44 22 59 79 99 51 43 124 109 71 105 67 98 128 91 51 66 31 48 95 90 59 96 104 84 118 83 53 51 64 99 120 105 101 70 65 114 32 134 70 112 49 109 99 21 59 65 101 71 78 58 84 35 55 95 94 35 40 59 76 101 50 123 66 82 52 68 72 75 105 35 133 78 109 84 139 90 133 62 66 41 93 133 136 66 95 47 88 70 44 81 138 45 119 91 49 93 34 79 79 106 19 126 104 62 57 36 83 131 106 103 23 43 74 65 111 15 129 96 134 55 77 100 66 75 59 56 135 35 44 66 99 118 84 156 132 84 89 66 120 50 91 93 51 79 99 72 93 120 124 43 73 96 148 71 59 111 94 85 57 79 164 104 78 77 125 61 137 86 65 117 55 69 156 76 114 47 34 105 18 97 132 105 83 97 78 79 117 67 103 116 83 59 126 69 85 144 81 58 64 91 65 76 108 35 137 107 48 80 66 127 59 119 95 97 18 101 146 122 23 42 98 102 141 84 10 114 42 61 97 140 66 102 90 110 59 132 86 69 44 72 84 72 109 73 99 134 110 50 65 39 149 126 57 95 141 87 57 126 136 104 70 123 161 86 62 81 95 26 107 49 125 46 117 68 122 77 109 75 72 75 54 51 66 27 44 88 98 120 96 161 150 64 122 107 130 143 50 81 77 135 62 126 137 49 114 115 46 68 68 92 90 82 118 38 42 123 80 90 22 32 82 18 44 99 52 49 22 43 18 115 129 106 115 107 80 53 19 42 95 128 88 40 61 79 90 94 78 82 103 90 35 86 83 97 14 117 78 145 122 116 88 85 98 127 131 76 77 102 152 17 73 121 116 95 120 128 41 136 112 76 71 128 96 87 83 76 82 62 107 52 99 113 66 133 37 52 60 56 91 44 63 18 118 73 83 85 79 113 80 118 12 68 108 94 81 33 93 89 83 85 23 118 106 39 107 95 98 89 61 79 110 56 82 68 57 102 141 64 84 70 71 117 63 87 134 30 98 26 134 96 81 121 101 83 133 118 52 109 143 66 64 76 55 72 112 101 124 133 86 58 96 64 138 38 68 97 23 146 134 78 
85 57 106 85 81 80 41 58 122 103 136 118 93 128 53 72 111 98 65 76 25 57 83 68 80 97 85 61 106 98 53 133 93 99 124 117 92 94 72 74 59 94 79 118 97 43 67 88 115 21 73 21 127 101 123 115 93 96 79 81 129 74 42 57 32 30 107 84 67 46 100 94 105 88 109 73 72 98 112 121 67 123 79 97 106 67 115 112 84 28 104 84 90 63 91 97 74 39 112 87 95 17 52 43 66 109 92 78 83 121 104 87 114 92 92 82 28 60 54 61 49 99 101 98 94 87 78 115 62 102 113 109 50 98 56 86 111 78 125 85 110 115 16 99 83 102 73 32 41 91 40 79 108 48 90 57 59 52 78 101 99 75 91 47 95 33 102 66 96 65 73 39 111 68 102 65 83 84 90 93 131 17 136 40 80 65 138 75 83 57 73 79 96 79 85 70 122 44 119 106 125 75 43 103 106 104 92 104 39 88 64 123 44 91 94 73 71 103 62 78 128 25 99 83 100 30 98 60 70 59 103 102 95 90 52 109 87 134 101 112 66 90 78 81 97 88 58 108 125 84 40 107 127 81 107 60 75 67 85 52 104 79 92 31 89 86 59 60 83 104 87 56 92 30 121 104 79 70 94 60 106 60 94 90 82 50 66 31 67 99 110 87 110 29 97 113 88 83 48 21 42 85 98 110 33 67 100 105 95 95 42 90 102 90 69 62 37 28 78 71 73 89 79 109 92 75 67 32 55 89 94 111 107 87 67 104 55 121 84 93 28 89 90 14 48 90 76 83 97 80 58 21 39 103 68 54 33 68 90 124 27 97 91 65 78 94 57 70 108 18 107 85 95 60 114 74 109 40 71 67 79 113 113 63 91 72 94 44 35 90 111 68 98 84 59 89 56 94 78 99 21 131 95 40 83 46 56 105 116 78 4 17 87 77 85 37 105 102 110 45 102 97 88 70 66 73 123 61 40 91 122 92 109 132 109 99 86 86 111 32 88 90 76 53 83 48 114 122 98 63 93 91 132 97 42 85 96 93 75 69 140 88 103 62 130 35 111 62 91 92 68 79 132 81 102 52 50 80 30 119 118 82 73 94 54 87 98 77 92 90 106 64 101 79 81 120 89 38 56 86 90 69 115 36 118 113 31 97 73 106 71 98 116 75 41 76 121 96 39 57 107 106 117 107 33 101 37 35 93 124 89 107 110 100 81 106 62 96 64 78 107 64 106 75 84 113 116 71 85 52 126 101 59 89 118 81 48 108 115 84 76 97 137 75 86 68 86 13 84 31 99 20 122 74 127 54 85 54 64 83 31 52 92 25 58 88 73 111 108 136 134 90 126 94 108 118 41 95 68 115 60 116 111 59 89 109 69 92 94 75 70 94 100 13 67 130 92 80 30 42 87 43 44 122 28 30 5 65 27 118 103 90 113 104 56 65 17 67 82 102 70 61 73 101 100 82 94 95 93 89 22 78 81 77 34 97 97 131 101 107 68 86 121 106 105 86 85 94 139 40 74 129 95 69 127 103 67 120 98 72 63 106 78 78 106 93 72 54 116 63 84 92 81 107 53 56 81 71 113 68 44 33 92 80 97 64 91 97 88 96 35 71 101 104 93 34 89 76 69 80 41 95 94 54 95 78 90 67 79 102 86 77 81 91 81 106 117 87 109 95 90 118 45 106 113 34 107 39 115 71 76 94 87 75 115 98 50 83 130 73 88 86 79 98 103 97 105 117 98 84 117 46 112 62 70 121 31 122 116 75 
113 57 134 113 77 81 45 38 149 95 165 114 121 126 73 71 124 126 78 72 28 47 91 83 69 105 67 36 101 101 77 135 118 71 153 89 77 72 102 45 82 111 108 89 126 25 73 104 105 45 49 51 155 121 151 141 64 122 95 64 139 55 55 50 46 24 135 73 41 73 101 103 119 77 81 98 93 69 107 149 97 124 106 71 95 62 113 82 104 51 97 92 112 38 120 127 50 14 82 76 124 44 48 65 95 136 106 93 107 126 133 58 108 118 83 106 13 69 25 47 21 77 72 113 122 103 81 86 89 95 101 82 43 81 80 101 122 97 129 100 104 128 36 115 110 131 55 57 39 112 47 102 113 76 102 44 69 77 94 76 104 72 109 25 111 57 74 69 83 36 62 32 82 63 113 94 109 106 86 98 102 47 106 23 88 91 136 49 112 34 67 49 125 81 115 76 123 65 148 120 154 100 25 83 103 76 65 106 15 102 42 150 41 115 78 102 44 132 43 99 99 50 70 57 107 38 72 84 46 46 74 73 88 61 81 112 58 133 80 141 82 119 56 65 71 97 80 121 118 60 63 135 97 52 117 71 104 96 66 39 74 95 116 55 77 67 59 45 112 114 111 67 65 56 92 118 84 73 70 47 109 84 110 113 111 30 94 42 71 120 113 59 116 26 70 83 102 55 60 26 32 86 114 83 61 57 97 77 103 125 48 64 115 61 50 91 14 24 106 97 49 118 85 113 107 105 43 24 84 64 104 82 78 105 94 79 66 150 104 120 56 114 65 40 24 95 93 105 113 65 76 50 68 74 83 39 61 41 110 133 52 113 96 93 73 91 39 42 78 48 122 110 124 81 116 102 107 66 42 65 108 101 106 34 63 79 65 55 64 114 121 79 122 57 82 61 46 114 49 128 45 101 124 38 81 68 69 109 89 99 31 34 61 99 96 50 104 73 109 20 107 126 72 99 38 91 152 64 11 80 131 101 114 128 105 75 58 69 140 61 59 61 83 69 112 47 126 92 113 77 74 120 160 100 28 94 66 64 55 98 137 70 108 43 101 50 118 85 89 109 44 102 128 52 80 77 69 82 20 131 147 105 48 66 77 111 124 100 122 95 115 35 117 52 52 118 114 30 85 115 96 42 86 9 145 84 60 73 45 130 46 89 129 100 36 95 122 104 57 77 79 76 116 116 44 79 8 48 65 152 100 77 124 76 65 118 84 94 78 103 117 38 78 46 113 104 87 57 66 30 121 103 30 119 112 111 22 135 106 110 101 114 136 51 95 47 115 41 81 59 114 35 93 45 98 78 83 81 38 107 33 79 86 7 78 116 93 141 81 137 162 89 96 72 132 121 15 70 97 103 88 145 123 33 89 138 79 99 90 58 59 67 85 38 75 101 65 56 16 21 113 43 71 132 51 23 32 52 48 88 121 119 84 75 79 40 16 74 111 111 56 74 94 113 72 59 70 116 69 60 51 52 109 67 49 86 113 160 92 136 58 57 131 97 114 109 57 68 168 36 44 100 120 79 98 121 71 148 127 43 92 128 63 53 115 111 48 28 87 85 113 82 100 121 71 28 94 91 124 56 72 51 106 105 117 90 113 78 59 120 35 97 130 76 67 60 61 105 98 109 58 118 72 73 72 61 120 92 59 112 83 90 52 101 70 77 113 98 113 101 106 89 73 122 138 59 79 59 142 90 48 103 66 48 142 124 21 94 158 98 95 59 87 97 133 69 131 145 71 82 130 75 116 52 40 129 16 119 144 104 
100 107 121 123 129 131 15 90 129 48 151 63 137 75 108 122 76 111 120 124 74 14 42 124 122 56 118 48 51 150 105 82 93 107 146 124 44 119 105 83 111 148 116 117 124 78 120 65 61 46 50 68 140 86 137 118 99 102 134 115 184 107 97 8 87 28 125 126 86 65 151 148 160 35 89 123 125 92 57 134 102 71 91 69 52 114 61 108 138 47 49 139 142 46 131 126 50 42 104 34 125 51 99 97 105 119 147 133 133 74 125 75 59 138 38 132 39 114 71 100 52 60 83 70 138 142 130 116 110 46 60 120 95 52 108 58 166 132 77 140 55 170 71 153 97 134 36 52 89 78 93 131 161 95 56 97 113 104 133 121 152 123 146 36 68 87 82 118 44 75 23 19 104 115 66 107 90 76 138 46 132 62 135 32 134 115 84 93 115 39 119 77 126 131 113 123 70 46 138 161 141 125 78 61 52 82 70 54 67 57 38 129 91 142 47 112 59 127 94 131 124 50 91 102 154 25 115 111 49 99 111 99 40 83 75 59 90 81 61 140 121 121 105 117 115 143 112 163 70 55 51 119 120 86 68 114 117 97 117 21 93 57 89 48 130 118 109 23 120 64 85 110 71 54 122 73 33 122 62 20 158 112 148 142 111 32 110 26 119 85 61 98 64 75 75 104 143 94 103 34 84 136 153 123 65 109 46 86 150 124 16 66 68 81 101 105 67 29 96 83 98 122 35 162 64 111 92 28 92 60 55 112 110 142 114 71 109 140 138 101 58 93 63 68 40 143 55 136 152 117 46 67 71 109 44 91 79 85 144 179 51 71 144 86 125 143 29 59 103 63 77 135 116 56 64 94 55 58 80 116 102 60 58 62 77 126 98 24 78 141 71 123 98 66 112 73 98 148 73 132 76 126 125 15 132 100 32 56 126 68 59 39 106 129 48 92 52 105 56 43 156 136 123 109 81 128 144 113 52 133 177 52 162 77 54 121 74 120 139 65 75 78 130 39 103 6 169 113 68 118 124 128 144 149 25 45 91 101 106 101 86 45 156 33 127 31 67 62 141 71 93 132 77 86 65 104 105 29 71 174 137 79 50 81 57 137 104 129 120 43 161 76 74 94 69 66 140 22 95 123 144 55 117 60 124 115 68 120 86 103 93 43 171 78 87 62 70 53 94 112 115 102 64 161 87 62 52 28 77 135 144 107 165 69 117 70 60 145 119 127 162 52 90 79 107 58 115 109 118 82 71 51 68 125 63 118 46 117 60 92 125 74 84 49 140 39 117 65 29 64 69 36 121 84 124 59 31 70 51 135 23 100 138 57 112 132 61 140 122 84 146 140 119 57 102 69 45 115 103 62 105 141 76 80 36 140 123 146 142 33 20 110 50 48 121 129 107 54 68 74 135 92 94 177 47 30 60 105 82 111 81 107 96 86 56 88 60 120 108 60 25 116 126 156 109 51 116 149 62 80 69 58 124 24 89 44 152 147 46 135 18 82 176 51 64 138 96 70 156 87 73 131 95 34 127 80 119 132 119 63 100 97 32 53 161 147 48 48 121 117 106 38 135 75 108 72 136 126 168 109 70 88 61 130 151 74 144 53 96 93 83 118 134 115 110 86 75 102 95 119 96 88 59 109 60 36 123 72 110 157 31 132 74 146 123 104 63 142 162 149 145 108 72 161 111 87 114 94 121 58 63 54 49 56 121 102 58 47 147 123 142 101 133 148 133 79 111 129 114 133 172 73 64 105 75 175 68 67 126 117 
100 124 119 130 147 149 29 108 125 37 149 47 146 57 122 139 61 110 136 141 92 29 27 139 140 39 137 64 36 167 118 64 88 123 147 140 44 137 110 100 124 162 123 131 127 96 137 54 50 57 63 81 137 77 134 114 116 99 149 134 200 125 113 23 103 46 125 144 104 70 169 164 174 32 100 134 138 106 42 131 109 53 91 79 44 132 44 122 151 56 37 155 154 61 138 130 63 61 117 30 129 63 117 111 113 116 162 148 144 56 126 89 45 148 30 143 57 130 89 118 70 65 95 57 147 157 147 131 120 34 53 137 113 53 121 47 182 146 58 155 42 185 87 168 97 139 46 60 106 71 110 143 178 106 42 115 129 117 148 139 169 141 160 53 56 101 93 135 40 93 27 38 117 133 50 116 88 70 156 28 147 74 149 50 151 126 67 110 120 55 137 92 130 148 117 140 52 50 137 176 140 136 96 64 36 93 82 35 85 44 53 125 109 154 49 120 73 129 112 144 138 60 105 120 170 40 132 123 62 117 127 114 30 98 80 41 106 64 65 143 136 125 123 136 132 159 125 179 56 65 57 117 133 103 52 130 125 102 135 37 106 48 84 56 148 136 126 36 127 47 81 127 82 63 136 58 17 139 70 34 175 125 163 154 115 49 119 39 136 76 43 115 46 92 85 117 158 111 119 50 102 154 167 140 75 127 30 97 166 127 28 77 53 96 119 114 85 47 97 83 116 127 19 179 52 117 111 46 100 70 40 127 126 156 125 78 126 140 151 99 68 90 74 83 58 160 47 148 166 136 44 79 79 125 38 110 91 103 157 195 61 59 161 89 143 160 45 74 117 76 64 146 117 55 45 96 38 64 97 133 104 54 46 79 90 142 114 30 89 152 54 139 93 79 124 86 117 161 89 137 90 140 129 33 150 114 30 38 142 62 74 53 123 142 34 108 34 121 39 61 172 143 142 117 99 143 144 130 70 151 193 36 179 62 38 138 88 139 141 75 89 92 146 39 104 23 185 125 55 134 143 134 140 166 43 29 105 118 124 107 69 50 173 47 140 40 49 62 158 61 111 144 61 102 71 116 120 11 89 189 137 75 63 94 59 148 100 141 123 25 177 94 62 111 83 49 151 40 103 130 161 70 132 79 119 131 77 138 103 97 111 33 186 76 105 56 52 37 109 126 131 117 46 177 103 67 71 38 89 131 160 121 180 77 136 54 59 163 135 138 178 68 102 96 109 46 130 128 136 100 56 32 86 131 48 124 63 114 49 90 136 62 66 61 157 52 122 79 14 74 56 50 135 101 137 61 16 74 67 146 40 111 156 75 126 140 56 142 138 66 142 157 132 63 95 50 63 133 109 54 115 143 60 99 19 144 140 163 160 41 26 127 48 62 137 144 124 65 86 92 145 110 106 192 57 48 76 123 97 124 70 108 107 97 57 107 77 137 112 43 33 132 139 171 126 61 134 161 71 94 81 71 132 24 105 38 167 145 36 138 25 97 191 41 47 150 113 81 154 105 90 146 91 25 142 69 137 130 120 79 108 90 37 65 177 161 61 65 136 130 108 32 148 60 123 90 152 139 184 127 76 104 48 141 164 75 157 55 113 88 101 128 138 131 127 99 89 105 99 126 111 81 66 123 67 43 128 71 128 173 16 147 89 162 141 119 47 158 179 165 159 121 78 176 104 100 130 108 116 53 77 38 56 70 117 98 76 34 145 134 159 118 150 166 136 92 107 126 131 151 188 80 46 123 92 192 87 51 123 126 
7
10 20
50 60
100 200
300 400
500 600
350 450
550 650