880
6
134 490
125 472
239 501
135 326
88 387
73 355
228 485
291 518
194 444
278 464
283 585
197 407
154 415
188 447
208 405
99 359
206 409
258 592
259 531
191 398
251 491
293 644
181 527
246 453
84 356
95 305
99 375
300 543
62 326
196 423
250 483
132 364
207 508
275 620
142 433
204 476
294 625
84 429
237 558
157 412
143 467
118 470
109 394
164 404
252 531
294 624
226 424
145 485
80 428
131 481
156 499
110 443
150 422
158 423
90 433
267 623
62 270
138 337
134 383
116 387
267 530
89 391
81 339
101 350
290 587
204 547
158 390
281 486
273 601
101 353
254 532
151 437
275 592
257 469
64 363
109 441
205 518
103 347
196 435
212 501
130 438
285 536
72 321
221 507
76 329
235 517
259 500
63 334
220 483
67 375
219 559
109 386
188 544
224 525
180 466
202 506
210 551
104 367
140 360
195 454
106 335
189 371
192 422
120 412
152 478
295 484
138 469
115 397
256 485
230 523
284 622
121 423
137 341
183 430
199 389
113 458
235 488
238 577
259 481
109 418
77 276
154 465
250 431
65 356
180 437
198 424
258 494
206 431
160 462
138 472
115 331
102 302
166 449
99 381
250 582
283 517
134 442
152 415
67 250
146 485
110 386
272 610
225 530
187 456
243 458
161 361
176 493
182 542
266 479
168 368
266 503
184 532
92 335
290 628
138 442
278 618
226 501
132 458
97 322
258 539
259 574
62 242
91 451
282 534
69 291
266 502
96 279
216 403
212 546
168 411
78 345
149 497
286 466
119 340
201 437
280 576
171 407
238 532
129 408
61 318
201 498
300 656
135 435
159 508
69 270
72 356
156 485
162 439
287 479
280 490
135 391
218 493
296 544
72 349
137 345
299 567
194 464
124 343
185 524
125 476
282 607
239 521
293 627
291 535
136 339
183 464
183 519
148 452
297 514
198 378
298 484
297 542
75 356
76 348
176 463
208 394
261 535
108 333
164 429
134 343
99 410
255 539
176 514
209 425
293 649
202 424
130 401
68 265
148 490
134 357
282 616
178 404
260 469
286 585
68 301
61 268
274 459
199 417
108 376
68 265
173 470
226 545
196 411
184 477
253 589
87 282
77 372
267 453
105 408
254 547
178 465
263 588
288 611
200 420
213 519
119 392
213 407
123 334
91 342
164 475
61 272
259 517
279 575
290 489
196 403
119 349
271 601
73 395
198 519
275 551
140 357
115 435
83 352
251 587
120 392
72 432
132 393
79 369
208 388
299 513
126 371
181 402
228 574
230 490
292 493
64 402
287 564
299 526
173 513
116 338
294 644
180 495
271 576
124 317
172 493
264 484
100 328
145 367
119 435
129 457
254 613
113 385
274 464
266 575
209 530
158 439
228 560
71 277
257 514
181 460
295 620
248 509
193 513
128 472
246 540
201 393
233 466
192 385
115 338
88 417
175 396
266 594
281 569
75 389
256 611
98 439
292 601
121 451
234 594
257 558
179 381
285 499
116 431
297 624
109 386
277 619
90 450
173 409
162 346
257 520
247 605
76 319
82 354
131 442
214 444
264 612
183 512
131 365
285 495
179 483
184 393
143 452
270 617
91 450
120 399
248 573
225 497
195 394
268 454
234 417
226 487
183 478
68 347
81 288
289 500
228 489
147 357
269 507
264 490
232 414
111 422
125 349
110 429
67 396
171 468
71 319
227 502
220 439
253 466
151 502
115 393
136 362
163 448
208 472
122 344
176 450
274 537
179 394
108 318
194 531
188 420
252 453
270 540
116 423
131 406
230 545
259 609
262 566
155 418
246 466
264 562
66 326
287 537
72 390
223 419
201 412
238 529
160 424
81 388
244 441
245 491
271 627
265 606
155 372
201 491
244 591
272 473
206 388
124 472
112 304
111 450
64 375
173 449
169 413
196 381
91 294
114 424
297 551
166 408
69 255
226 479
256 446
145 353
218 476
180 438
93 437
295 540
93 340
102 442
120 473
95 361
187 474
208 477
145 325
103 457
259 470
132 417
240 451
169 461
142 335
284 613
255 491
288 481
254 557
79 402
254 568
99 375
145 470
155 493
67 403
203 430
163 431
78 347
167 496
160 507
247 442
181 493
187 545
239 508
74 263
71 369
114 455
137 370
114 425
222 562
179 403
214 574
180 399
121 431
168 473
289 531
261 477
252 508
201 423
156 412
180 454
251 502
62 267
130 450
299 484
232 590
127 414
153 407
160 407
104 383
162 480
276 583
190 516
299 614
279 578
110 399
294 568
298 518
218 532
167 388
226 547
208 554
245 500
75 381
117 403
148 392
234 592
211 426
115 384
157 501
66 248
117 350
159 447
215 459
266 575
238 531
172 491
65 395
177 520
202 388
272 598
274 499
176 376
145 448
63 347
235 484
204 523
205 486
120 389
174 361
170 392
129 417
220 515
142 468
169 459
272 526
144 392
171 459
207 481
120 351
175 356
77 274
205 473
220 534
152 408
286 595
269 471
215 471
258 469
83 306
77 276
179 456
152 453
298 603
98 279
172 485
61 359
189 383
118 407
66 305
155 426
144 474
250 549
169 509
140 423
90 366
241 586
263 564
133 463
189 473
259 547
197 538
185 404
225 483
224 437
286 561
188 530
216 520
228 480
137 400
129 349
205 430
229 531
170 453
242 459
155 502
114 349
158 373
202 464
196 467
232 498
148 485
160 424
289 520
281 490
148 447
226 532
64 301
283 639
176 360
263 592
247 565
113 470
224 574
294 596
125 393
177 437
296 618
81 389
268 463
300 625
256 483
63 327
144 385
99 400
173 432
290 484
201 527
300 659
282 508
214 530
77 310
274 568
147 439
300 568
233 562
198 386
203 433
228 441
225 544
172 439
143 353
93 431
297 599
133 487
257 555
119 462
294 503
145 482
218 536
184 493
299 612
233 453
113 444
274 575
226 423
185 494
163 416
189 393
253 508
108 399
180 488
218 523
195 547
166 522
78 338
216 502
123 362
182 515
220 485
79 369
145 408
158 452
219 541
299 647
229 481
146 408
113 431
81 288
106 373
85 270
128 416
126 324
63 253
256 556
178 534
96 448
295 555
239 438
240 424
217 499
242 537
127 460
149 474
270 613
282 611
113 325
274 594
78 264
94 317
202 420
262 542
94 453
193 485
90 303
198 431
97 278
176 361
269 624
212 477
226 461
191 476
79 393
69 353
155 395
247 509
79 419
163 345
144 392
297 554
128 437
237 562
279 606
145 466
254 511
190 478
197 411
136 492
100 435
290 563
100 408
78 352
228 486
162 469
71 321
294 558
167 416
85 325
140 412
232 433
199 527
269 573
221 502
237 543
234 503
249 472
134 368
105 336
289 488
282 574
81 380
106 390
226 526
242 543
165 478
264 485
122 389
268 483
156 497
231 524
265 565
278 577
250 603
221 441
111 393
146 437
99 431
210 482
217 545
228 539
163 501
120 315
62 300
138 446
278 470
256 461
138 358
122 426
264 500
105 363
170 447
243 599
125 345
259 579
209 403
101 405
187 463
199 418
172 363
80 416
258 588
211 561
112 404
188 494
273 533
295 605
291 504
221 439
269 452
95 292
185 415
265 550
211 495
181 409
137 361
253 438
238 570
183 429
100 445
202 539
172 389
275 559
164 493
220 436
77 386
176 394
78 390
282 562
257 603
105 412
224 528
247 528
143 434
195 396
74 330
277 609
282 609
167 521
268 605
282 468
93 436
209 392
222 420
298 530
61 364
111 440
295 530
71 409
288 501
285 494
119 388
173 406
215 456
160 428
262 531
153 398
130 432
114 385
203 426
253 542
276 518
235 507
299 549
298 582
121 380
107 306
241 511
70 349
96 366
64 260
64 244
263 517
144 499
235 590
137 340
208 546
77 379
75 357
250 592
102 325
215 552
183 519
247 582
241 516
186 471
65 331
240 421
193 388
89 422
82 276
284 472
288 614
262 518
108 362
290 556
0 1000
0 1000
0 1000
0 1000
0 1000
0 1000
2 2 2 2 2 2
880 880 880 880 880 880
41 107 38 89 47 77 
73 31 73 32 73 46 
114 30 91 44 83 101 
113 131 80 117 74 142 
32 115 71 100 82 52 
108 48 107 59 107 77 
53 136 91 122 103 70 
61 112 98 103 108 43 
131 68 131 81 129 98 
126 72 130 84 130 92 
56 53 21 37 12 67 
115 31 101 48 96 94 
66 152 100 136 111 89 
108 104 69 93 59 129 
84 166 121 152 133 98 
112 123 76 111 70 138 
79 118 114 111 123 55 
116 136 84 122 78 145 
80 67 96 67 100 43 
120 62 122 74 121 88 
74 131 62 114 66 110 
44 128 82 113 94 64 
100 71 112 76 115 64 
126 63 125 76 124 94 
80 21 75 27 73 56 
81 56 43 46 31 91 
62 99 33 83 34 92 
99 76 114 80 117 62 
135 60 128 76 125 106 
70 114 47 97 48 103 
142 59 129 77 125 117 
105 42 72 44 62 103 
105 110 67 98 59 129 
139 92 147 103 148 103 
69 73 90 69 95 32 
114 144 85 129 82 145 
36 122 64 105 75 69 
154 69 128 83 120 140 
78 154 117 141 129 83 
171 86 146 101 137 157 
112 86 72 79 60 126 
151 66 134 83 128 130 
41 102 79 90 89 31 
128 44 103 57 94 115 
75 77 96 75 102 38 
114 104 135 107 140 77 
54 107 91 97 101 37 
170 89 141 101 131 160 
56 126 96 114 107 56 
100 17 87 34 82 80 
110 65 117 73 118 75 
58 85 23 69 20 85 
46 111 42 94 50 83 
121 115 82 105 73 142 
37 49 31 32 35 37 
113 56 78 56 67 114 
44 50 53 39 58 20 
74 157 110 143 122 90 
49 127 60 110 70 86 
70 153 107 138 119 86 
69 49 33 35 22 77 
58 144 89 129 101 84 
147 63 121 77 112 134 
39 126 73 110 84 67 
105 88 123 91 127 68 
138 56 126 73 121 113 
160 130 176 138 179 122 
131 48 118 65 113 107 
84 48 91 52 93 51 
76 59 37 47 25 88 
78 40 81 42 83 47 
67 33 39 18 33 67 
56 137 95 123 107 69 
138 64 132 80 129 109 
123 37 102 53 95 107 
10 76 38 61 49 28 
144 92 150 103 150 108 
129 94 141 102 144 92 
129 112 148 116 153 92 
102 86 61 76 50 118 
152 85 117 91 106 151 
77 93 104 89 111 43 
87 88 110 87 115 51 
148 70 117 80 107 140 
108 116 72 104 64 133 
68 152 104 137 116 86 
41 96 77 85 87 25 
107 133 76 118 73 137 
24 109 62 94 73 49 
135 77 98 79 87 137 
115 104 75 95 65 135 
119 53 117 66 115 89 
105 122 71 109 66 133 
163 83 133 94 123 154 
100 98 123 98 129 64 
31 55 27 39 33 36 
107 106 68 95 59 129 
122 84 133 92 135 86 
98 107 125 105 131 64 
105 45 71 45 61 104 
70 118 107 109 116 50 
58 127 99 115 110 56 
113 57 78 57 67 115 
86 23 59 21 51 80 
161 84 130 94 119 154 
100 85 60 75 49 117 
58 124 98 113 108 53 
39 47 37 32 41 32 
105 39 101 51 100 76 
96 50 101 58 101 63 
70 60 85 58 89 34 
48 93 82 84 91 24 
54 139 90 124 101 75 
118 99 136 103 140 81 
105 86 122 89 126 68 
86 103 114 99 121 52 
95 135 71 119 71 129 
57 135 96 121 108 65 
133 61 101 68 91 129 
113 117 75 105 68 137 
83 115 117 109 125 55 
101 92 61 82 51 120 
85 102 113 98 120 51 
74 22 50 11 44 69 
101 61 109 68 110 66 
108 24 87 38 80 95 
117 38 107 55 104 92 
98 26 71 31 63 91 
128 85 89 82 78 136 
145 76 111 83 100 143 
57 120 50 103 57 94 
80 118 115 112 124 55 
112 95 131 99 135 75 
122 72 128 83 128 88 
168 85 140 98 130 156 
62 86 90 80 98 28 
104 104 65 93 56 126 
125 110 85 101 74 143 
165 79 141 94 133 148 
105 33 99 48 96 78 
121 89 81 84 69 133 
71 75 92 72 98 34 
49 108 38 90 44 84 
142 113 158 121 161 105 
98 91 119 92 124 61 
102 138 76 123 75 135 
113 92 130 97 134 76 
110 113 73 102 64 134 
140 120 159 126 163 103 
64 33 65 29 66 39 
120 108 141 111 146 83 
29 113 68 98 79 50 
67 130 107 119 118 59 
103 63 65 58 54 110 
25 61 30 45 37 31 
94 30 90 41 89 67 
40 117 51 100 62 77 
89 40 90 46 91 58 
88 97 114 95 120 53 
147 104 157 114 158 110 
52 74 77 66 84 15 
59 110 40 93 45 93 
113 35 104 51 100 87 
99 61 107 67 109 64 
67 73 88 69 94 30 
105 86 122 90 126 68 
158 71 138 88 131 138 
138 95 148 105 149 102 
125 63 125 76 124 93 
112 102 133 105 138 75 
88 34 57 30 48 87 
54 118 48 100 54 91 
62 53 74 49 79 28 
145 79 110 84 99 144 
112 61 116 71 116 78 
110 92 70 83 59 127 
118 35 94 48 86 106 
92 71 52 61 40 105 
70 41 37 28 28 74 
71 87 33 72 26 95 
161 83 130 94 119 153 
120 53 118 67 116 90 
69 121 52 104 56 104 
52 92 85 83 93 24 
26 112 60 96 72 56 
31 111 48 94 59 68 
139 77 140 91 139 106 
75 106 45 91 42 105 
184 101 156 115 147 172 
42 47 47 35 52 24 
188 106 159 119 150 177 
81 32 51 24 42 80 
118 80 129 88 130 82 
69 87 96 83 103 34 
75 34 77 36 77 47 
126 145 94 132 89 155 
131 45 110 61 103 115 
50 112 89 101 99 41 
97 42 64 39 53 97 
125 58 122 72 120 94 
129 51 100 61 90 121 
58 125 98 113 109 54 
124 72 129 83 129 89 
46 115 86 103 97 45 
78 80 38 66 28 98 
113 67 120 76 121 78 
105 132 75 117 71 136 
22 70 19 53 29 44 
70 150 109 136 120 81 
131 112 150 117 154 94 
74 156 112 141 123 87 
78 96 106 92 113 44 
82 46 88 49 90 50 
100 17 87 34 82 80 
75 50 38 38 27 83 
129 91 90 87 78 140 
102 112 65 99 58 127 
146 81 110 86 99 145 
133 70 98 74 87 133 
88 115 57 100 53 118 
95 9 78 26 72 79 
55 109 39 92 44 89 
101 50 65 47 55 103 
67 153 100 137 111 90 
97 32 93 43 91 70 
95 110 124 107 131 62 
116 87 76 80 65 129 
53 101 88 91 97 31 
116 49 84 53 74 113 
58 133 98 120 110 62 
119 35 105 53 100 98 
93 93 116 93 122 56 
180 99 150 111 140 170 
32 54 32 38 37 32 
148 72 117 81 107 141 
139 53 119 69 112 121 
137 98 148 107 150 100 
52 45 24 28 20 58 
154 68 133 84 126 136 
71 80 94 76 100 34 
110 53 76 53 65 111 
115 37 106 53 102 89 
157 72 132 87 124 143 
153 74 124 85 114 144 
101 97 61 86 52 122 
139 63 108 72 98 132 
13 83 48 68 59 24 
92 121 62 106 59 122 
140 58 113 70 103 129 
122 142 90 128 85 151 
129 88 90 85 78 138 
72 141 112 130 123 70 
95 75 110 78 114 58 
54 119 94 108 104 48 
135 50 119 67 113 114 
138 57 127 74 123 112 
153 67 133 83 126 135 
124 89 136 97 138 87 
78 75 98 73 103 41 
136 113 154 119 157 99 
124 127 87 116 79 149 
120 68 84 67 72 124 
20 68 25 51 35 37 
82 88 43 74 34 104 
53 137 89 122 101 72 
177 98 146 109 136 168 
134 51 108 64 99 122 
75 125 57 108 60 110 
98 63 108 69 110 63 
59 102 94 93 103 35 
111 142 83 127 80 143 
32 97 70 84 81 27 
141 58 128 76 123 117 
83 48 47 38 36 88 
151 77 119 86 109 146 
40 102 33 85 41 75 
36 120 60 104 72 70 
27 59 26 43 34 35 
144 68 137 85 134 115 
143 60 130 77 124 119 
108 50 109 61 108 76 
88 54 51 46 40 95 
58 110 95 101 105 41 
74 122 54 105 56 109 
30 115 56 99 68 65 
95 60 104 65 106 60 
134 70 99 74 87 133 
26 59 33 44 40 29 
174 91 146 104 136 162 
65 125 55 108 61 102 
66 93 32 77 29 93 
113 43 108 57 106 85 
116 64 120 74 120 82 
129 77 91 77 80 133 
86 56 49 47 37 95 
65 96 33 80 31 94 
146 100 155 111 156 110 
74 79 96 76 102 37 
116 103 136 106 141 79 
98 108 125 106 132 63 
44 111 84 99 94 41 
88 39 55 33 45 89 
58 91 88 84 97 27 
48 49 20 31 18 56 
112 62 117 72 117 79 
48 126 59 108 69 85 
91 122 62 107 59 122 
142 56 118 71 109 127 
87 124 61 109 60 120 
85 17 77 27 75 62 
138 76 103 79 92 139 
162 85 130 95 119 155 
116 94 133 99 137 79 
138 53 114 67 106 123 
90 52 97 57 99 56 
73 30 73 32 73 47 
59 33 36 16 33 57 
98 23 89 38 86 74 
131 77 135 89 135 97 
119 107 140 110 145 83 
166 80 143 96 135 149 
27 63 44 49 52 17 
121 48 115 63 112 94 
97 106 60 93 52 122 
149 81 114 87 103 147 
132 95 143 103 146 95 
56 125 96 113 107 54 
53 56 16 40 8 66 
130 70 94 72 83 131 
67 122 53 105 57 103 
138 64 107 72 97 132 
126 42 112 60 107 103 
51 89 83 80 91 22 
94 7 77 24 72 77 
65 33 38 17 32 65 
27 109 67 94 78 45 
15 101 53 85 65 43 
130 44 112 61 106 111 
56 117 95 107 106 47 
64 93 31 77 29 92 
148 104 158 115 159 111 
53 114 44 97 51 89 
48 104 85 93 95 33 
124 38 106 55 100 104 
69 33 41 19 33 69 
37 84 69 73 78 13 
126 71 89 71 77 129 
66 112 44 95 46 99 
163 81 135 94 126 152 
161 78 133 91 124 148 
108 98 129 100 134 71 
65 91 94 85 102 32 
139 86 101 87 89 143 
95 58 103 64 105 60 
72 151 111 138 123 82 
100 98 123 99 129 64 
37 123 71 107 83 63 
28 58 38 43 45 24 
32 118 63 102 75 62 
128 71 92 72 81 130 
56 38 59 31 61 32 
92 32 62 31 52 89 
131 86 139 96 140 95 
38 99 30 82 39 73 
94 99 120 99 126 59 
120 106 140 109 144 83 
136 57 126 73 122 109 
27 82 16 65 28 58 
42 50 52 39 56 20 
25 69 48 56 57 13 
157 73 131 86 122 143 
39 90 20 72 28 70 
110 30 99 47 96 87 
45 60 62 51 68 11 
124 38 102 53 95 108 
104 104 129 105 134 68 
157 124 172 133 174 119 
30 56 32 40 38 31 
55 120 50 103 57 92 
131 87 140 97 141 94 
18 95 58 81 69 32 
129 64 128 78 126 98 
143 81 144 95 143 110 
57 29 50 17 51 42 
91 47 56 41 45 95 
115 47 84 52 74 112 
158 79 128 90 118 150 
42 48 49 36 53 23 
66 129 59 112 65 103 
86 105 115 102 123 53 
47 125 87 112 99 57 
18 87 26 69 38 52 
97 125 67 110 64 128 
25 104 65 90 76 40 
102 116 66 102 60 128 
16 69 33 53 42 30 
124 41 99 54 91 112 
117 55 117 68 116 86 
33 109 73 96 85 41 
125 110 85 101 75 143 
115 115 77 104 68 138 
113 38 84 45 75 105 
136 67 103 73 93 133 
114 70 121 79 123 78 
147 64 120 77 111 135 
44 62 7 45 7 61 
40 63 60 53 66 7 
93 109 122 106 129 60 
81 129 61 112 63 115 
106 70 116 77 119 70 
41 127 69 110 80 72 
127 62 93 66 82 126 
75 77 96 75 102 38 
133 65 100 70 89 130 
112 37 104 52 101 85 
109 108 133 109 139 73 
127 52 97 60 88 120 
82 65 42 54 30 95 
66 128 106 117 116 57 
60 42 66 37 69 32 
182 102 152 113 142 172 
57 124 97 113 108 53 
64 46 30 32 21 71 
132 71 133 84 132 99 
71 63 87 61 92 34 
41 76 7 59 14 66 
88 117 58 102 55 118 
172 86 147 101 139 156 
29 105 40 88 51 67 
65 84 27 69 21 89 
57 31 53 21 54 39 
49 39 33 22 32 47 
143 57 123 73 116 125 
89 93 113 92 119 53 
80 91 42 77 35 104 
59 103 35 87 38 91 
82 43 86 46 88 50 
95 113 61 99 55 123 
156 73 128 86 119 144 
100 118 66 104 60 128 
91 28 62 27 54 87 
142 98 151 108 153 105 
74 124 111 115 121 56 
144 64 133 81 129 118 
51 97 85 88 95 28 
121 36 98 50 91 106 
98 84 116 86 120 61 
75 153 115 140 126 83 
71 27 68 26 68 47 
107 56 111 65 111 74 
91 17 67 22 60 82 
78 118 53 102 53 110 
144 71 139 87 136 114 
155 122 170 131 172 117 
67 109 42 93 44 99 
148 105 158 115 160 111 
125 137 91 125 84 153 
103 115 67 102 60 129 
156 70 137 87 130 136 
133 62 100 68 90 128 
143 61 131 78 126 117 
70 140 110 129 122 70 
27 63 44 49 52 17 
134 63 101 69 91 130 
137 65 104 72 94 132 
117 74 125 83 126 81 
32 76 9 59 21 58 
34 114 74 99 85 47 
64 56 26 41 15 76 
142 118 160 124 163 105 
171 94 139 104 129 164 
60 120 50 103 56 96 
97 70 109 74 112 60 
150 67 137 84 131 125 
64 119 102 109 112 49 
78 163 114 148 126 96 
139 91 146 102 147 103 
77 38 45 27 36 79 
63 102 36 86 37 94 
146 68 115 78 105 138 
71 96 36 80 33 98 
84 16 61 16 54 76 
147 63 122 77 114 133 
132 48 118 65 112 109 
38 98 75 86 85 27 
130 146 97 133 91 159 
114 78 74 73 63 124 
141 100 151 109 153 104 
96 51 60 46 49 101 
182 101 152 113 142 172 
87 10 66 16 60 75 
40 56 14 39 17 52 
125 86 85 82 73 135 
84 127 61 110 61 118 
13 90 33 73 45 49 
139 80 141 93 141 105 
47 116 47 98 55 84 
98 41 98 51 97 67 
125 39 107 56 101 106 
90 97 115 95 121 54 
123 137 89 125 83 151 
134 51 107 64 99 122 
134 87 95 85 83 141 
66 73 87 69 93 28 
82 62 95 63 99 45 
74 91 36 76 30 98 
87 12 76 24 73 66 
146 122 164 129 168 109 
69 148 108 135 119 79 
27 110 50 93 61 63 
112 55 77 55 66 113 
140 69 108 76 97 136 
12 82 28 65 40 44 
89 106 118 103 125 56 
41 127 74 112 86 68 
86 95 112 93 118 51 
51 122 92 110 103 51 
74 103 42 88 40 103 
139 107 153 115 156 102 
118 34 94 48 87 105 
58 123 54 106 61 95 
135 49 112 64 105 119 
127 57 95 63 84 123 
109 128 75 114 70 137 
92 109 121 106 128 59 
70 39 39 26 30 74 
40 85 72 74 81 14 
61 113 98 104 108 44 
130 87 139 97 141 94 
113 48 80 51 70 110 
168 85 140 98 131 156 
91 7 72 21 66 77 
62 148 94 132 106 87 
167 84 139 97 130 155 
30 61 47 48 55 14 
154 68 136 85 129 132 
128 43 104 57 97 114 
49 135 75 118 86 81 
128 41 108 58 102 109 
104 99 64 88 55 124 
142 121 161 127 165 105 
18 104 49 88 60 54 
96 27 90 39 88 70 
31 101 35 84 45 67 
103 131 74 117 70 134 
31 56 26 39 33 36 
71 112 46 96 47 104 
75 51 85 52 88 41 
83 71 99 71 104 46 
162 77 137 91 128 147 
157 77 127 88 117 148 
105 125 72 111 67 134 
139 108 154 115 157 102 
80 37 83 41 83 50 
131 87 92 84 80 139 
90 14 67 20 60 80 
42 55 14 38 16 54 
138 69 104 75 93 135 
70 154 105 139 117 89 
122 92 136 98 139 85 
159 77 130 90 121 148 
134 117 154 122 158 97 
136 82 98 83 87 140 
137 57 127 74 123 111 
72 126 56 109 60 107 
16 89 30 72 42 51 
142 85 146 98 145 108 
98 71 111 75 114 61 
79 99 108 95 115 46 
138 109 154 116 157 101 
109 44 77 46 67 106 
152 81 118 88 107 148 
128 47 101 58 92 117 
38 115 78 101 89 47 
116 113 78 103 69 139 
168 86 140 99 130 157 
127 48 118 65 114 102 
141 59 129 76 124 117 
50 35 43 21 44 39 
67 24 61 19 61 47 
109 23 93 41 88 90 
120 130 85 118 78 147 
86 112 54 97 51 115 
112 31 87 42 79 101 
61 117 99 107 109 47 
115 122 78 110 71 140 
55 109 93 100 103 39 
95 29 66 30 57 90 
52 138 87 123 99 75 
120 115 81 105 72 141 
27 114 62 98 74 56 
72 25 69 25 68 48 
86 112 54 97 50 115 
78 97 106 93 113 44 
53 121 52 104 59 90 
121 145 91 131 86 152 
113 58 77 58 66 115 
30 68 11 50 21 51 
122 87 134 94 136 85 
103 55 67 51 56 107 
51 115 90 103 101 44 
52 40 54 30 57 30 
84 90 45 77 37 106 
28 61 44 47 51 18 
61 121 51 104 57 97 
48 41 29 24 29 49 
175 93 146 105 136 164 
128 44 104 58 96 115 
178 98 149 110 139 168 
10 82 30 65 41 42 
86 92 47 78 38 108 
4 84 42 69 53 32 
108 44 76 46 66 106 
89 102 116 100 123 55 
59 41 30 25 24 63 
57 76 82 69 89 21 
142 77 141 91 140 110 
81 5 64 12 60 66 
81 72 99 72 104 44 
74 113 109 106 118 49 
28 99 33 82 44 65 
71 141 112 129 123 70 
164 78 141 94 133 147 
119 146 90 132 86 150 
80 164 116 150 128 98 
137 80 140 92 139 103 
176 97 145 108 135 168 
125 80 86 78 75 132 
52 137 74 120 85 86 
97 130 69 115 67 129 
89 23 62 23 54 83 
152 66 132 82 125 133 
41 97 78 86 88 26 
125 112 86 104 76 145 
55 86 84 78 92 23 
73 146 113 133 124 75 
74 131 61 114 65 110 
115 28 95 45 89 98 
84 98 47 84 40 109 
73 137 113 126 124 66 
107 71 117 78 119 71 
130 91 141 99 143 94 
76 81 36 67 27 97 
143 80 144 94 142 110 
101 67 63 61 51 111 
89 68 49 58 38 102 
150 64 128 79 121 133 
118 94 77 87 66 132 
44 41 38 26 40 37 
107 67 115 74 117 72 
71 90 34 75 29 96 
183 100 154 113 144 171 
147 61 125 77 118 131 
118 63 82 63 71 120 
87 7 74 22 71 68 
99 13 83 31 79 80 
83 109 114 104 122 52 
96 34 93 45 92 67 
56 68 77 62 83 19 
151 124 168 131 171 114 
31 56 27 39 34 35 
68 31 41 17 34 67 
57 31 54 22 55 39 
121 43 112 60 109 95 
66 44 73 41 75 35 
168 90 137 100 126 160 
57 128 58 110 67 94 
39 121 78 106 90 55 
158 88 124 95 113 155 
148 79 114 86 103 146 
14 84 27 67 38 48 
122 35 103 52 97 104 
74 13 62 12 60 57 
108 66 116 74 117 73 
40 112 80 99 91 42 
75 119 52 102 53 109 
93 65 54 56 43 104 
97 66 108 71 111 61 
88 89 110 88 116 51 
130 105 146 111 150 92 
154 69 130 84 122 140 
117 67 80 65 69 122 
151 64 132 81 125 130 
83 50 90 53 92 49 
107 110 133 110 139 72 
128 76 91 76 79 132 
137 63 105 71 95 131 
44 51 54 40 59 19 
119 58 85 60 74 119 
66 107 101 99 110 41 
91 76 51 66 40 107 
77 43 83 45 84 46 
109 95 69 85 59 127 
121 105 140 109 145 84 
80 162 118 148 129 93 
107 101 68 91 58 128 
67 136 107 124 118 65 
87 67 47 56 35 99 
136 59 106 68 97 128 
149 123 167 130 170 112 
112 106 73 96 63 133 
77 122 55 106 57 111 
93 104 120 102 127 58 
140 55 116 70 108 126 
135 74 99 77 87 135 
88 169 126 155 138 100 
95 27 89 39 87 69 
124 46 96 56 87 116 
182 99 155 112 146 169 
38 124 66 108 78 70 
50 87 19 70 22 79 
180 97 152 110 142 168 
57 127 58 110 66 94 
112 63 117 72 117 78 
66 150 103 135 114 84 
50 128 90 115 102 60 
119 48 88 54 78 114 
42 91 76 81 86 21 
50 134 70 117 80 85 
101 72 61 64 50 112 
116 59 81 60 70 118 
139 107 153 115 156 102 
112 104 134 106 139 75 
110 55 75 54 64 112 
100 34 70 36 61 96 
170 86 143 100 134 156 
82 80 102 78 108 45 
37 114 77 101 89 47 
103 91 63 81 52 121 
98 94 120 95 126 62 
68 128 58 111 63 104 
83 65 98 66 101 47 
111 26 89 41 82 97 
112 86 127 92 130 75 
92 85 112 85 117 55 
144 115 160 123 163 106 
123 47 115 63 112 95 
17 74 45 60 54 20 
73 46 80 46 82 40 
57 113 43 96 49 92 
82 101 111 97 118 49 
111 111 136 112 141 75 
7 94 45 78 57 42 
102 107 128 106 134 67 
122 87 82 82 70 133 
142 58 117 72 109 128 
40 125 65 108 76 74 
90 26 85 36 83 64 
68 94 98 88 105 36 
67 129 107 119 117 59 
159 74 135 89 127 144 
150 63 128 79 121 132 
56 57 71 51 76 21 
135 65 102 71 91 131 
34 106 74 93 85 37 
28 99 68 86 78 31 
58 107 94 98 104 38 
78 52 87 53 90 44 
41 123 60 106 71 76 
127 79 88 77 77 133 
81 67 97 68 101 45 
128 80 89 78 78 134 
105 70 65 64 54 114 
57 119 96 108 107 48 
11 96 42 80 54 48 
136 52 122 69 117 113 
135 103 149 111 152 98 
86 92 47 79 39 108 
108 83 123 88 126 71 
129 55 99 63 89 123 
124 93 138 100 141 87 
136 61 129 77 126 107 
158 77 129 89 119 148 
113 122 77 110 70 139 
120 89 134 96 137 83 
149 104 158 115 159 112 
133 92 144 102 145 97 
113 99 133 102 137 76 
167 91 135 101 124 160 
17 75 47 61 56 19 
128 114 149 118 153 91 
56 142 83 126 94 87 
60 55 73 50 78 25 
161 77 136 91 127 147 
72 53 83 53 87 38 
59 145 91 129 103 84 
28 96 30 79 41 64 
121 53 88 58 78 118 
68 112 45 95 46 101 
117 74 79 71 67 125 
117 55 83 57 72 116 
59 145 92 129 103 83 
41 127 72 111 84 70 
102 24 77 33 69 93 
56 101 33 84 36 88 
28 58 28 42 35 34 
79 160 117 146 129 91 
77 94 104 90 111 42 
126 87 137 95 138 90 
142 56 120 71 112 126 
118 78 128 87 129 82 
143 88 148 100 147 108 
65 132 105 121 116 61 
141 73 107 79 96 139 
48 135 81 119 93 74 
63 147 99 132 111 82 
154 68 132 84 125 136 
132 73 134 86 133 98 
144 121 162 128 166 107 
18 77 48 63 58 18 
91 125 63 110 62 123 
117 43 110 59 108 89 
122 41 96 53 87 112 
155 120 169 129 171 117 
89 7 75 22 71 70 
113 128 78 115 73 140 
73 103 42 88 39 102 
61 147 96 131 108 83 
60 102 94 93 103 35 
105 92 65 82 55 123 
138 103 151 111 153 101 
73 34 43 22 35 73 
62 36 64 31 66 36 
130 91 90 87 79 140 
136 55 125 72 120 111 
49 119 90 107 101 48 
41 104 35 87 43 77 
113 44 81 48 72 108 
126 129 89 118 81 151 
101 36 97 48 96 72 
72 27 69 27 69 47 
127 84 87 81 76 135 
75 56 87 56 90 40 
76 40 43 29 34 79 
50 135 85 120 97 71 
112 26 94 43 88 95 
38 124 74 108 86 62 
135 64 102 71 92 131 
9 78 32 62 43 36 
94 52 100 58 101 60 
61 117 47 100 52 96 
63 35 36 20 30 65 
109 39 104 53 102 82 
37 55 18 37 22 47 
106 53 71 52 60 109 
94 87 115 88 119 57 
101 107 127 107 134 66 
147 102 156 112 157 110 
88 123 61 107 59 120 
52 138 85 123 97 77 
68 105 101 98 110 41 
165 83 136 95 127 154 
42 124 82 109 93 57 
24 111 56 94 67 57 
127 140 93 128 87 155 
114 30 92 44 85 100 
47 133 76 117 88 76 
58 134 98 121 109 64 
64 149 100 134 111 84 
48 132 85 117 97 67 
130 43 112 60 105 110 
124 90 136 97 138 87 
101 36 98 48 96 73 
125 87 136 96 138 88 
17 89 29 72 40 52 
99 44 66 42 55 100 
78 48 85 49 88 45 
76 90 102 86 109 41 
108 48 75 49 65 107 
44 121 54 103 64 81 
95 93 55 81 46 116 
36 107 40 90 50 73 
110 43 79 47 69 107 
115 70 122 79 123 80 
111 89 127 93 131 74 
137 93 146 103 147 100 
96 90 56 79 46 116 
122 133 87 121 80 149 
23 69 46 55 55 16 
178 98 148 110 138 169 
41 73 114 113 32 108 53 61 131 126 56 115 66 108 84 112 79 116 80 120 74 44 100 126 80 81 62 99 135 70 142 105 105 139 69 114 36 154 78 171 112 151 41 128 75 114 54 170 56 100 110 58 46 121 37 113 44 74 49 70 69 58 147 39 105 138 160 131 84 76 78 67 56 138 123 10 144 129 129 102 152 77 87 148 108 68 41 107 24 135 115 119 105 163 100 31 107 122 98 105 70 58 113 86 161 100 58 39 105 96 70 48 54 118 105 86 95 57 133 113 83 101 85 74 101 108 117 98 128 145 57 80 112 122 168 62 104 125 165 105 121 71 49 142 98 102 113 110 140 64 120 29 67 103 25 94 40 89 88 147 52 59 113 99 67 105 158 138 125 112 88 54 62 145 112 110 118 92 70 71 161 120 69 52 26 31 139 75 184 42 188 81 118 69 75 126 131 50 97 125 129 58 124 46 78 113 105 22 70 131 74 78 82 100 75 129 102 146 133 88 95 55 101 67 97 95 116 53 116 58 119 93 180 32 148 139 137 52 154 71 110 115 157 153 101 139 13 92 140 122 129 72 95 54 135 138 153 124 78 136 124 120 20 82 53 177 134 75 98 59 111 32 141 83 151 40 36 27 144 143 108 88 58 74 30 95 134 26 174 65 66 113 116 129 86 65 146 74 116 98 44 88 58 48 112 48 91 142 87 85 138 162 116 138 90 73 59 98 131 119 166 27 121 97 149 132 56 53 130 67 138 126 51 94 65 27 15 130 56 64 148 53 48 124 69 37 126 66 163 161 108 65 139 95 72 100 37 28 32 128 56 92 131 38 94 120 136 27 42 25 157 39 110 45 124 104 157 30 55 131 18 129 143 57 91 115 158 42 66 86 47 18 97 25 102 16 124 117 33 125 115 113 136 114 147 44 40 93 81 106 41 127 75 133 112 109 127 82 66 60 182 57 64 132 71 41 88 172 29 65 57 49 143 89 80 59 82 95 156 100 91 142 74 144 51 121 98 75 71 107 91 78 144 155 67 148 125 103 156 133 143 70 27 134 137 117 32 34 64 142 171 60 97 150 64 78 139 77 63 146 71 84 147 132 38 130 114 141 96 182 87 40 125 84 13 139 47 98 125 90 123 134 134 66 82 74 87 146 69 27 112 140 12 89 41 86 51 74 139 118 58 135 127 109 92 70 40 61 130 113 168 91 62 167 30 154 128 49 128 104 142 18 96 31 103 31 71 75 83 162 157 105 139 80 131 90 42 138 70 122 159 134 136 137 72 16 142 98 79 138 109 152 128 38 116 168 127 141 50 67 109 120 86 112 61 115 55 95 52 120 27 72 86 78 53 121 113 30 122 103 51 52 84 28 61 48 175 128 178 10 86 4 108 89 59 57 142 81 81 74 28 71 164 119 80 137 176 125 52 97 89 152 41 125 55 73 74 115 84 73 107 130 76 143 101 89 150 118 44 107 71 183 147 118 87 99 83 96 56 151 31 68 57 121 66 168 57 39 158 148 14 122 74 108 40 75 93 97 88 130 154 117 151 83 107 128 137 44 119 66 91 77 109 121 80 107 67 87 136 149 112 77 93 140 135 88 95 124 182 38 50 180 57 112 66 50 119 42 50 101 116 139 112 110 100 170 82 37 103 98 68 83 111 112 92 144 123 17 73 57 82 111 7 102 122 142 40 90 68 67 159 150 56 135 34 28 58 78 41 127 81 128 105 57 11 136 135 86 108 129 124 136 158 113 120 149 133 113 167 17 128 56 60 161 72 59 28 121 68 117 117 59 41 102 56 28 79 77 126 142 118 143 65 141 48 63 154 132 144 18 91 117 122 155 89 113 73 61 60 105 138 73 62 130 136 49 41 113 126 101 72 127 75 76 50 112 38 135 9 94 61 63 109 37 106 94 101 147 88 52 68 165 42 24 127 114 47 58 64 48 130 124 101 125 17 99 78 76 108 44 95 36 110 115 111 137 96 122 23 178 
107 31 30 131 115 48 136 112 68 72 53 31 152 104 166 123 118 136 67 62 131 128 71 63 21 56 99 76 60 114 59 42 110 92 73 144 122 69 154 86 86 66 102 44 77 104 107 89 126 17 65 85 111 115 49 56 50 157 127 153 49 144 63 126 88 56 130 48 48 59 40 33 137 64 37 76 92 94 112 86 85 93 88 70 116 152 96 133 109 77 104 53 122 83 98 55 106 84 107 45 118 127 57 23 84 85 124 47 39 50 60 93 139 99 86 103 135 135 61 117 115 92 102 22 61 24 38 26 85 76 120 118 95 72 85 86 104 110 79 33 89 75 108 113 91 138 92 113 120 33 108 113 130 63 61 30 117 40 97 104 74 110 35 61 73 86 71 95 63 102 34 118 53 79 61 92 35 71 41 87 83 53 121 92 112 111 77 106 101 47 106 32 80 87 34 145 45 112 42 58 51 125 72 115 80 67 132 70 150 112 156 96 46 17 50 91 112 81 70 115 9 109 50 153 32 110 87 101 49 133 35 93 99 54 72 53 98 45 68 80 53 37 72 74 97 63 83 121 58 142 88 141 75 119 50 57 67 89 75 113 127 68 68 88 137 98 51 125 63 102 142 97 58 48 77 102 120 59 68 60 50 54 110 122 115 60 70 59 91 125 93 43 64 77 56 96 100 79 103 108 111 39 91 49 62 126 122 56 124 17 76 85 94 53 52 30 33 23 77 107 80 63 48 106 81 95 125 56 70 122 64 42 89 7 33 109 101 44 117 93 104 114 104 38 33 84 71 112 81 78 98 91 86 58 151 98 123 58 118 71 38 32 86 99 99 106 57 82 50 69 73 90 30 60 38 104 124 56 120 87 95 64 81 29 47 47 79 48 129 105 125 87 125 104 116 69 41 55 109 110 115 38 67 70 64 62 63 109 129 70 127 62 77 65 37 108 52 65 128 42 102 124 46 71 63 76 117 86 105 84 31 39 57 93 91 103 43 113 73 118 28 98 124 64 97 36 84 153 27 56 17 118 71 122 109 105 137 115 70 62 61 140 63 63 65 74 76 114 56 118 94 120 70 67 119 163 91 38 102 68 96 16 63 48 98 146 78 100 51 101 10 56 86 127 90 80 116 41 39 97 137 51 87 73 62 91 12 122 148 110 55 69 82 106 127 95 122 103 107 34 123 49 57 128 109 39 85 113 87 48 85 7 148 84 61 68 43 135 41 99 121 104 27 101 131 56 112 51 71 77 77 125 108 37 87 14 55 69 154 92 77 117 82 57 126 89 85 71 99 109 44 81 47 115 113 86 48 59 35 24 23 130 112 31 117 122 109 29 138 115 114 25 112 97 121 145 58 68 87 55 115 40 90 61 121 41 93 44 98 82 92 84 44 102 41 76 77 5 72 113 99 141 78 146 164 80 97 80 137 130 23 66 97 112 86 146 131 28 98 137 71 91 81 80 67 68 64 94 41 67 90 100 61 63 7 13 109 34 68 124 56 31 31 43 44 90 128 121 88 79 84 35 13 66 112 119 65 66 89 105 69 67 64 50 110 76 63 51 58 107 76 43 95 105 162 101 136 67 59 123 106 122 104 55 74 169 27 46 99 124 87 97 127 63 150 128 48 91 134 72 59 107 104 55 34 86 80 114 91 94 128 65 26 86 85 115 47 74 46 113 101 111 94 107 87 58 125 26 94 129 74 63 57 65 106 99 107 52 123 79 67 80 70 119 96 52 103 92 83 55 93 61 77 122 89 104 92 99 91 75 114 142 55 77 53 145 96 53 112 74 55 145 127 24 101 58 160 94 87 56 78 88 132 73 135 147 68 73 121 77 125 43 41 120 7 128 103 147 102 92 103 34 36 91 55 119 104 44 129 36 27 84 56 40 135 26 124 64 78 52 117 35 39 55 53 87 107 102 123 138 105 83 124 111 140 30 133 134 149 132 43 90 36 87 89 44 48 90 48 121 93 107 43 70 89 93 90 133 69 98 
38 73 91 80 71 107 91 98 131 130 21 101 100 69 121 76 114 84 96 122 62 82 112 125 75 43 33 114 128 47 129 72 67 147 90 85 64 128 117 146 72 134 79 103 96 135 91 141 96 87 117 23 42 82 31 78 53 110 60 107 33 89 121 73 123 126 176 118 91 37 81 39 95 132 102 38 150 141 148 61 117 104 110 117 72 104 77 76 62 98 75 117 71 133 123 27 68 133 125 71 107 99 78 59 130 60 98 37 101 101 85 82 90 136 122 114 71 96 101 75 117 61 113 50 109 87 107 71 89 111 50 115 131 128 140 90 65 85 141 99 81 92 38 158 119 76 130 73 159 65 141 68 107 65 30 90 51 90 114 157 77 40 104 107 88 122 138 148 125 133 57 48 74 110 116 70 94 52 37 33 130 118 52 85 60 48 140 45 156 47 159 51 129 96 77 94 110 89 64 122 100 98 129 86 38 120 75 19 109 150 112 106 88 87 38 90 65 110 98 57 78 39 65 100 93 124 76 88 84 98 105 116 150 32 117 119 148 24 133 94 76 106 132 124 61 108 48 62 113 90 90 112 110 94 119 127 133 136 98 154 87 84 25 43 89 146 108 57 108 94 83 70 128 47 119 33 60 26 137 130 109 51 95 54 56 104 99 33 146 55 32 108 120 91 49 33 155 96 136 125 84 55 88 20 117 59 62 118 61 77 103 130 133 114 97 73 36 89 135 140 143 44 115 60 114 143 96 16 94 53 107 112 83 77 38 67 53 112 95 31 158 44 85 106 41 69 89 44 135 133 129 94 101 103 111 123 71 38 63 92 59 62 139 30 120 140 126 16 52 48 131 20 99 62 102 129 172 32 50 140 58 128 144 50 56 84 128 49 59 115 87 26 67 65 66 33 99 117 73 85 77 84 103 121 120 7 60 122 61 116 69 93 96 100 104 133 97 42 106 66 152 97 30 133 87 7 58 147 40 27 53 33 123 113 42 35 86 61 128 66 62 151 111 133 85 98 116 115 68 111 67 53 139 170 42 158 91 67 137 100 131 110 44 101 104 125 9 74 26 160 139 50 109 137 102 114 146 45 36 115 36 61 122 118 75 97 74 151 60 152 66 14 85 61 33 141 47 98 107 115 89 107 95 87 95 36 76 164 108 50 77 108 28 118 74 112 92 42 153 94 54 112 95 75 121 39 72 98 139 80 140 72 94 139 47 136 104 75 108 64 161 49 90 35 74 26 46 85 99 137 127 72 154 83 92 67 14 104 105 136 130 154 98 127 56 30 146 111 108 154 77 118 101 78 78 140 118 129 43 61 93 85 54 87 99 78 93 66 87 81 62 69 54 106 52 91 77 11 134 67 90 54 45 44 51 29 146 104 149 30 47 42 76 116 30 82 141 64 99 109 33 112 141 90 116 140 145 86 74 69 62 132 78 86 84 113 61 95 47 113 117 141 36 144 63 49 128 77 38 115 34 154 125 82 74 83 114 93 77 168 27 41 54 112 73 137 58 78 124 114 27 103 62 116 80 52 54 108 110 146 130 80 132 90 133 91 105 54 85 101 51 83 69 140 118 68 107 47 106 167 73 55 120 116 99 126 89 96 155 66 19 152 58 117 103 90 88 76 70 61 81 153 134 75 70 143 102 77 63 120 58 98 89 127 112 160 115 45 80 43 111 136 45 128 82 117 65 85 98 107 135 128 71 102 74 68 94 87 60 88 97 89 65 96 42 122 149 47 123 99 138 129 129 77 134 158 144 133 135 47 149 83 73 136 83 91 30 88 45 79 83 92 72 77 33 28 117 104 137 120 128 148 105 107 81 99 132 134 162 48 63 110 96 169 75 78 42 96 94 65 151 43 64 90 125 90 35 81 89 97 69 87 87 43 85 94 74 102 32 100 47 36 104 18 71 115 127 156 61 85 101 136 82 56 93 92 76 98 100 85 112 136 98 136 29 66 85 102 75 54 55 40 79 122 127 146 56 87 46 148 
89 32 44 117 100 59 122 103 81 84 37 48 136 93 152 111 111 122 67 74 114 113 76 76 27 46 83 80 76 97 77 44 98 103 69 129 105 83 141 101 79 83 90 57 75 107 97 101 114 34 73 69 94 105 32 56 39 143 110 138 35 129 77 110 91 73 138 65 52 47 42 18 123 80 53 61 103 102 116 76 91 89 87 80 104 137 85 118 94 79 95 66 109 94 98 39 95 92 105 45 109 115 57 21 94 75 113 32 51 58 58 84 124 103 89 99 119 121 68 105 109 82 98 11 68 38 55 31 82 83 103 112 99 83 98 80 93 101 94 48 84 72 90 121 92 123 97 102 126 29 111 98 119 58 45 41 100 46 95 114 66 93 51 67 69 90 88 105 76 105 30 100 49 84 71 83 48 61 28 72 94 67 104 83 96 94 91 91 115 35 119 24 88 83 36 132 61 101 39 72 61 113 83 103 66 76 117 53 136 117 141 92 49 34 38 87 99 86 74 100 26 92 47 137 43 107 80 91 53 120 53 93 111 38 81 69 107 28 84 76 53 53 87 85 86 72 68 106 70 128 85 130 78 108 67 74 83 97 73 119 116 67 51 74 122 109 64 108 69 93 127 84 76 38 86 85 104 43 85 77 61 46 101 105 99 65 74 44 104 108 77 57 74 77 47 80 111 76 106 106 99 33 84 31 72 108 107 71 109 27 79 95 99 67 57 32 16 38 89 110 96 49 63 93 87 103 113 40 72 105 72 60 80 24 17 94 85 61 107 77 115 97 93 55 19 73 71 95 94 91 100 85 87 64 138 99 107 43 102 72 31 31 96 82 99 109 73 65 39 56 86 72 47 51 53 105 133 40 103 97 81 78 95 17 41 52 90 36 112 102 112 69 110 90 102 53 54 68 96 101 104 45 73 79 77 45 53 106 112 77 110 66 75 70 52 109 60 54 117 37 113 113 32 84 61 59 102 101 88 69 21 22 73 92 77 87 46 99 86 104 27 108 115 81 88 50 86 140 26 65 22 102 87 131 93 115 125 102 87 68 78 129 49 69 72 83 59 99 41 124 104 103 74 84 109 148 102 27 86 78 80 16 77 65 86 133 73 109 46 113 16 39 82 110 73 93 98 51 56 95 125 64 85 69 63 76 24 129 135 93 55 76 65 103 112 93 110 88 115 48 106 64 63 114 106 26 74 104 97 51 98 21 132 97 48 85 57 118 58 88 127 88 39 84 117 39 96 52 71 91 88 111 115 41 84 20 38 75 139 98 90 122 83 74 109 72 98 75 95 116 46 88 58 101 103 99 65 76 21 19 41 118 97 42 107 110 100 30 123 105 98 25 97 93 104 131 58 50 94 51 103 30 77 47 104 24 105 58 110 65 78 69 46 100 25 69 91 12 72 106 82 129 94 132 150 92 108 78 120 115 23 82 86 104 78 133 114 45 84 126 78 99 67 94 61 58 79 87 26 74 75 113 77 63 22 31 104 45 62 131 39 17 22 60 41 100 110 106 95 86 67 52 12 74 99 102 56 71 88 111 84 65 81 53 110 76 71 40 60 99 66 45 85 109 148 91 124 56 68 130 96 106 102 70 77 155 39 56 112 108 70 110 110 72 135 115 54 81 117 64 60 115 106 54 36 100 78 101 81 95 111 66 41 92 85 123 63 60 46 96 97 112 78 106 82 72 108 36 88 119 89 79 51 71 93 86 98 53 106 77 68 78 64 108 80 69 111 79 88 63 100 77 89 110 96 115 102 102 101 61 118 126 50 91 53 129 79 58 95 71 57 129 111 33 84 42 146 90 95 71 87 100 121 79 119 132 84 86 128 63 110 59 53 129 22 115 88 131 93 82 111 22 31 87 72 107 87 48 118 48 27 81 56 29 120 43 108 71 62 58 100 20 53 37 52 88 107 112 107 123 98 95 109 94 128 44 117 121 134 117 60 97 48 96 72 42 49 86 49 103 81 90 47 79 93 103 79 121 55 110 
47 73 83 74 82 107 103 108 129 130 12 96 111 59 133 70 123 78 100 121 66 94 115 124 73 31 34 117 125 48 125 62 59 148 95 82 75 120 129 137 60 128 89 94 102 140 101 131 107 82 118 20 50 73 35 67 58 122 70 119 22 101 112 84 127 121 179 113 93 25 83 33 107 129 95 49 150 144 153 50 106 111 115 107 64 116 87 73 73 87 65 115 66 123 129 33 59 135 131 61 116 110 67 51 119 49 108 41 100 101 89 91 101 140 126 121 71 108 91 68 125 51 120 44 110 80 104 63 78 100 57 124 135 128 130 98 56 74 133 96 69 98 44 161 124 75 134 64 163 66 146 79 118 54 37 89 62 91 120 158 84 45 100 109 94 126 131 149 124 138 48 54 79 99 116 59 86 40 28 26 119 116 56 93 72 59 139 42 147 52 150 42 130 103 77 89 103 99 53 120 90 109 129 97 28 121 71 29 120 154 123 113 90 82 27 78 58 99 87 53 72 44 55 111 91 131 65 97 74 110 100 122 140 37 107 112 150 20 126 100 65 102 124 114 52 98 59 59 103 85 78 123 114 104 113 123 126 138 103 157 79 72 35 34 101 136 99 60 110 103 80 81 123 36 109 41 72 34 134 124 108 40 105 56 68 106 87 40 136 61 29 106 120 80 37 31 156 102 141 132 94 45 97 18 117 69 59 109 60 75 92 119 137 106 99 73 33 86 135 145 135 52 112 52 103 146 107 8 83 57 97 107 91 72 32 78 65 106 106 29 159 51 95 100 33 78 77 46 126 124 134 102 89 105 123 129 83 45 75 81 61 52 140 39 126 144 122 28 56 57 122 28 96 68 95 134 174 38 57 141 69 126 143 51 45 74 118 53 65 123 99 38 64 76 60 42 91 116 85 75 68 75 93 123 111 7 66 129 63 119 80 82 102 89 101 139 88 30 116 69 142 108 21 132 92 14 55 139 51 21 54 32 116 119 35 38 88 55 119 60 54 153 121 129 95 91 120 126 68 111 60 53 136 172 44 160 84 60 130 90 126 122 52 91 94 126 21 85 15 163 129 56 112 131 112 126 147 36 37 105 33 54 114 112 85 91 63 153 49 142 60 17 73 61 45 141 55 97 101 121 83 99 83 93 99 30 73 168 119 61 66 97 40 125 86 118 103 40 156 87 61 105 84 70 128 30 81 108 141 70 131 66 106 130 55 129 97 86 102 55 165 60 88 45 70 33 47 88 104 128 117 67 157 83 80 60 16 93 117 139 121 158 87 123 60 42 145 114 115 157 67 107 92 89 69 130 114 124 44 61 88 78 51 79 109 71 103 57 99 72 74 68 50 113 59 86 66 21 136 56 101 57 37 51 57 29 136 96 139 41 38 53 66 123 24 89 140 60 104 118 44 123 133 86 128 139 135 75 85 67 54 125 88 76 92 124 65 89 40 124 119 143 27 142 51 38 121 66 40 117 29 144 118 71 71 79 122 92 83 171 34 34 55 109 75 126 67 90 113 103 38 97 60 117 91 53 43 111 116 150 122 69 125 92 139 79 95 59 74 110 40 84 59 145 129 58 118 35 97 170 63 57 127 108 87 138 87 87 146 78 22 142 66 117 114 102 78 86 80 50 70 156 139 64 61 134 108 89 52 126 63 101 82 130 117 163 112 54 82 49 118 141 57 134 70 109 76 83 105 117 127 121 76 91 85 78 104 90 71 77 101 78 54 107 54 117 152 39 126 89 141 126 119 70 137 159 145 137 124 56 153 94 78 127 87 103 41 78 46 67 72 103 84 69 36 35 129 111 138 112 129 147 116 96 93 111 125 133 166 58 62 108 87 171 71 73 39 108 103 55 153 35 66 79 120 101 43 72 81 96 69 76 90 34 97 88 86 92 43 101 52 30 102 22 60 119 134 157 59 97 110 127 93 67 87 85 88 109 111 97 105 138 96 138 40 55 88 109 65 64 46 50 69 123 131 147 46 80 55 138 
77 46 101 142 52 77 70 43 98 92 67 94 89 129 98 138 55 145 43 88 110 64 64 94 56 91 92 62 106 103 117 103 129 103 32 145 69 140 83 157 126 130 31 115 38 77 37 160 56 80 75 85 83 142 37 114 20 90 86 86 77 84 134 67 68 113 122 107 51 88 47 67 69 109 107 28 108 92 92 118 151 43 51 140 133 86 25 137 49 137 135 89 133 154 64 36 129 86 64 104 50 56 115 80 154 117 53 32 76 63 34 24 75 81 68 52 129 65 129 137 55 120 51 69 66 95 92 91 136 143 94 55 75 88 156 28 126 143 148 78 133 34 84 105 61 135 76 134 103 39 83 50 59 110 31 67 77 58 53 110 15 93 87 64 30 68 138 102 93 75 87 91 28 144 78 127 106 105 74 95 153 90 104 24 56 68 106 105 172 24 177 80 82 34 47 155 115 41 97 94 121 54 89 45 98 78 136 44 81 94 87 44 50 80 83 140 127 145 133 118 79 89 103 90 70 62 129 31 113 62 98 56 170 32 141 121 100 58 136 34 111 89 143 144 122 132 24 122 129 151 138 70 58 48 114 112 135 87 41 99 149 124 37 104 72 168 122 110 63 35 143 27 117 88 146 75 70 35 115 119 76 95 41 109 65 60 133 29 162 102 93 85 82 133 95 94 110 37 79 63 41 89 27 56 79 85 122 127 120 62 139 155 79 123 56 47 57 74 97 83 149 17 94 122 147 95 54 66 131 103 132 103 22 77 65 45 43 111 47 92 111 89 33 104 69 13 129 99 152 148 71 32 143 60 82 64 63 24 62 130 32 89 95 73 59 83 109 58 20 13 143 70 87 11 108 68 119 31 92 94 32 98 110 42 95 112 150 23 103 53 57 52 128 40 128 30 112 86 41 143 138 105 133 78 135 61 7 60 115 70 72 126 38 130 85 73 120 95 57 32 172 53 71 99 34 66 118 156 67 89 39 47 125 53 104 91 50 123 144 128 87 105 56 118 28 106 61 83 47 74 82 110 114 117 99 111 153 129 136 128 117 70 17 130 132 81 58 47 76 105 164 96 60 125 49 96 103 79 94 138 98 76 133 109 27 159 124 104 101 172 75 52 135 118 49 105 84 67 106 54 151 122 141 28 45 98 66 109 79 63 113 136 44 56 68 51 51 103 102 105 95 119 123 137 59 74 14 44 94 110 156 77 87 155 14 132 114 81 109 124 105 54 70 67 134 36 104 41 46 147 148 134 102 50 139 80 54 135 89 85 148 97 140 111 107 51 108 61 46 101 106 148 117 47 139 157 102 117 39 47 90 147 115 101 47 140 39 90 75 141 56 48 115 44 90 152 115 51 85 107 44 30 106 18 97 49 164 115 168 42 108 32 106 55 63 21 110 66 44 49 65 70 147 150 98 103 168 132 86 129 83 133 26 145 23 75 110 98 109 66 71 94 97 110 111 102 133 132 37 72 96 171 131 120 68 80 52 67 19 114 35 67 39 95 35 160 94 55 155 146 48 104 57 73 42 109 104 61 51 92 140 122 130 49 72 132 131 19 119 41 107 46 127 84 93 128 65 99 128 112 133 111 58 126 135 100 69 116 169 70 79 168 94 78 84 60 114 21 85 112 118 102 75 112 96 156 45 47 121 62 104 47 97 75 55 106 95 20 40 92 49 75 42 67 133 128 74 64 36 59 144 132 21 131 37 31 38 44 76 133 45 134 114 48 48 113 98 108 71 123 87 107 148 139 83 112 97 76 160 19 91 87 25 147 38 84 64 118 101 125 116 83 70 93 88 34 91 42 90 126 82 108 61 139 74 82 136 98 107 18 123 89 112 117 70 140 102 83 35 123 101 73 36 140 111 48 77 108 151 72 47 135 40 79 71 95 62 131 36 60 96 65 82 47 109 57 66 110 120 77 41 154 57 57 155 100 76 64 84 67 110 87 73 88 52 100 45 41 107 81 116 73 107 80 74 100 116 149 16 169 
8
0 1
10 11
2 22
3 33
4 44
5 55
710 800
8 88